57.2
55.2
55.8
57
55.9
54.9
55.9
56.5
57.1
56.6
56.2
54.9
53.3
55.6
55.8
55.7
55.2
54.9
53.2
52.5
52.2
52.3
53.2
51.3
51.1
51.1
50.6
50.3
51.9
50.9
50.1
49.8
49.9
48.1
47.9
48.5
48.2
48.5
48.5
48.9
49
48.1
47.6
47.8
47.4
47.8
47.3
47.3
48.6
47.1
47.5
47.4
48
47.8
50.3
49.4
49.7
47.9
47.3
48.3
48.2
48.6
51.4
52.3
50.5
48.8
48.6
47.7
48.3
48.6
47.9
47.3
47.8
46.7
48
48.1
46.6
46.8
51.2
52.3
46.9
47
46.5
45.9
45.7
45.8
46.4
45.9
45.7
45.6
45.4
45.8
45.4
45.7
45.9
45.9
46
45.7
46.6
45.7
46
45.9
45.9
45.6
45.5
46.1
46.2
45.2
45.9
45.9
46.6
47
47.2
46.8
46.4
45.4
45.3
45.8
45.9
46
45.4
45.4
45.4
46.6
46.3
45.8
46.1
45.5
46.9
45.8
45.7
46.1
46.2
45.8
46.3
46.3
46.7
46.4
46.4
47.1
47.4
47.8
49.5
51.1
46.7
46.5
46.9
47.2
47.4
47.2
46.8
46.8
46.5
46.4
46.7
46.6
47.1
47.6
48.1
48.9
49.5
52.2
53.6
53.8
52
51.2
50.2
48.6
48.1
48.2
48.6
47.7
47
48.3
50.4
52.5
51.7
51.7
52.8
54.4
56.8
61.1
67.4
75.8
78.9
79.3
79.6
79.8
78.6
75
68.5
62.6
60.9
59.5
57.8
56.3
54.4
54.4
53
52
50.3
49.6
49.7
50.2
49.8
48.1
48
48
47.4
47.9
48
47.9
47.4
48.1
49.2
50.2
51.7
52.3
52.4
54.3
55.5
66.1
66
73.5
80.1
84
84.3
91.3
87.7
76.8
71
68
63.8
60.7
59.2
53.6
50.6
48.8
48.6
46.5
45.9
45.9
46
45.8
45.7
45.9
46
46
45.6
46
45.5
45.4
46.1
46
45.9
46.1
45.4
45.8
45.8
46.8
47.4
47.2
46.5
46.3
46.1
45.7
45.7
45.7
45.5
46
47.1
46.6
46
45.5
46
45.8
45.4
46.2
46.4
46.3
46.1
47.4
45.7
46
45.9
45.7
49.5
46.2
45.9
46.9
46.3
45.7
45.7
45.5
45.6
46
45.9
46.2
45.9
45.8
45.9
46.6
45.9
47.3
48.2
45.9
46.2
45.7
45.9
45.7
45.8
46.4
46
46.8
47
46.7
45.8
45.9
46.2
45.6
45.7
45.8
46.2
46
46.2
45.7
45.5
45.6
46.5
45.8
45.8
45.6
46.4
45.4
47.1
46.1
45.5
46.8
45.9
45.8
48.7
45.8
45.3
45.4
46.1
47.1
45.7
45.9
45.9
45.8
45.5
45.8
45.6
46.5
48.1
48.3
49.4
46.8
45.8
46
45.9
45.3
45.7
45.8
47.1
45.9
47.9
45.9
45.8
46.3
45.8
46.5
46
45.8
46.1
45.9
45.9
46
46.4
46.9
47.4
49.5
49.3
48.2
49.3
49.7
49.5
52
52.4
53.6
49.3
50.1
50.8
51.5
50.9
54.4
51.6
51.6
54.4
52
54.2
53.2
52.8
54.4
53.5
50.9
54
54.4
53.9
54.4
52.4
52.7
53.1
54.9
53.6
52.8
54.7
55.8
53.4
51.9
51.9
51.9
51.1
51.4
49.8
49.2
51.4
52.2
51
49.2
49.4
49
49.5
49.1
48.5
48.4
48
48.4
49.8
48.7
47.8
47.7
47.1
47.3
47.4
47
47.4
47.9
47.6
48.3
48.3
48.6
49.7
49.9
48.6
47.9
47.6
47.6
47.5
47.3
47
47.2
47.3
47
47
46.7
46.9
47
47.6
47.2
47
46.9
47.4
47.5
49.1
48.9
48.5
48.7
48.9
48.9
51
52.9
56.1
65.2
65.7
74.9
81.8
84.3
85.1
90.6
82.7
75.1
70.7
67.9
63.2
60.9
59
55
51.8
49.8
49.1
48.1
47
47.1
46.9
47.8
47.3
48.2
47.7
46.9
48
47.5
47.5
47.3
47.7
47.5
47.1
47.4
46.9
47.6
47.8
48.1
47.3
47.3
47
47.8
47.3
47.4
47.9
47.8
48.7
49.1
49.6
52.5
53.2
54.9
52.1
51.1
49.7
48.9
48.5
47.9
47
48.3
47.7
48.1
49.3
50.1
50
49.4
49.2
49.3
54.5
51.9
51.7
50.5
50.4
51.6
51.3
52
49.4
49.6
50.4
51.7
55.4
55.9
55.9
56.8
58.1
56.3
54.3
53.5
56.4
53.4
51.3
49.6
49
50.5
50.4
50.1
50.3
49.5
49.7
49
48
48.9
49.2
49.5
49.7
47.6
47.1
48
48.1
47.4
47.1
47.1
46.5
46.8
47.2
47.3
47.2
47.5
46.9
46.8
47
46.6
46.6
46.3
46.2
46.5
46.3
46.4
46.4
46.9
46.8
47.1
47.5
47.8
48.1
48.3
47.5
47.4
46.6
46.5
46.9
47.2
46.9
46.3
46.5
46.3
46.2
46.4
46.3
46.6
46.6
46.6
46.3
46.9
46.4
46.3
46.7
46.2
46.8
46.9
46.7
48.1
46.7
46.2
46.6
46.3
46.8
46.5
45.9
46.1
46
46.3
45.9
46
45.9
46.5
46.3
45.9
45.9
46.1
46.4
46.4
46.6
47.4
47.5
47.6
46.3
46.5
46.8
46.6
46.9
46.5
46.6
46.7
46.3
46.6
46.8
46.7
46.4
46.4
46.3
47.5
49.6
50.3
50.5
49.3
48.1
48.2
47.8
47.7
48.9
47
48
48.3
47.6
47.4
49.1
47
47.9
47.6
47
47
47.3
46.5
47.6
47.1
47.2
49.6
47.2
46.8
46.4
47.1
47.9
47.8
48.2
46.9
49.8
47.2
48.9
48.6
48.6
49.8
47
49.2
48.5
47
46.1
48.2
46.1
47.7
48.3
47.6
47.9
47.1
47.3
47.1
48.1
47.3
47.4
47.8
47.8
47.8
49
48.7
48.6
49.4
50.5
51.8
58.4
60.2
54.2
55.8
53.7
53.1
53.7
55
57.2
53.1
53.7
50.8
51.2
53.3
55.5
53.3
51.2
51.1
50.9
54
51.8
50.3
50.9
50.5
52.2
50.7
52.4
50.1
52.8
51.8
51.7
51.7
52.9
53.6
49.2
48.5
48.8
49.1
51.1
49.7
50
49.8
52.5
53
51
53.1
55.8
51.3
49.1
48.6
49.1
48.9
48.9
48.8
48.8
48.1
47.9
47.5
47.6
47.6
46.6
46.6
46.7
47.1
46.9
46.7
47.4
47.1
47.1
47.4
47.5
48.8
47.7
46.9
46.3
46
47.6
46.3
46.1
46.9
46.7
46.2
47.4
46.9
46.5
46.7
47.3
47.3
46.5
46.1
49
46.9
46.5
46.8
46.3
46.6
47.8
46.8
46.4
47
48
48.1
47.8
47.4
46.9
47.2
48
47.9
47.2
47.6
47.3
47.7
48
49
49.6
51.8
54.6
60
66.8
75.8
88.4
87.4
85.2
86.2
90.5
86.1
85.1
83.5
75.8
68.7
63.4
60.6
59.6
58.8
58.7
57.6
56.7
54.3
52.5
50.8
50
49.5
48.4
48.8
48.7
48.3
47.9
47.7
47.4
47.9
47.1
47.5
47.4
47.1
46.3
46.5
46.7
47.6
46.9
47.5
47.4
49.1
49.7
49.8
52.4
53.7
54.7
53.6
52.7
52.5
53.8
55.3
54.8
56.3
56
55
56.7
57.9
59.8
61
59.9
59.7
58.2
62.3
61.6
63.5
61.7
59.8
61.5
59.8
61.1
63
62
59.4
61.8
64.4
62.2
63.7
67.2
63.3
65
60.8
59.7
64.3
67.5
63.9
63.2
63.4
63.9
64.9
59.1
58.4
59.1
59
59.2
61
63.2
62.7
57.5
57.3
56.6
54.7
54
52.9
51.4
51.7
53.1
52.6
53.3
53.4
52.7
51
49.9
51.6
53.7
54
54
51.8
49.5
47.9
47.6
48.3
48
47.6
47.2
47.2
47.1
47.3
48
47.6
47.2
47.4
47.3
47.1
46.7
46.8
46.6
46.7
46.6
46.5
47
47.5
46.6
46.4
46.6
46.7
46.7
47.1
46.8
47.1
47.5
47.1
47.4
47
47.1
47.2
47.2
47.5
47.5
47.2
47.5
47.8
48
49.3
51.2
52.9
54
56.9
58.7
59.9
59.5
56.2
54.6
54.4
56.2
58.3
62.4
65.9
77.9
84.7
85.5
85
85.3
82.1
71.2
65.4
60.3
57.9
54.3
54.9
54.5
50.9
49.6
48.4
49.3
49.2
47.9
46.5
46.7
47
46.6
46.6
46.6
46.9
47.1
46.5
46.4
46.7
46.2
46.9
47
46.7
46.6
46.7
46.4
46.3
46.7
47
46.8
47.2
47.7
47.2
47.1
47.1
47.2
46.6
46.9
47.4
47.7
47.3
47.3
47.5
47.6
47.8
48
51
50.6
51.1
51.1
52.1
55.6
54
54.9
56
55
57.5
56.9
52.9
54
53.1
54.2
55.8
56.5
55.1
53
59.4
56.5
57
58.8
57.9
57.8
57.2
58.5
58.2
55.3
53.9
56.2
52.9
52.9
54.4
56.1
59.4
65.6
71.2
86.1
89.1
87.5
86.1
83
75.4
68.6
64
60.4
58.1
57.4
56.3
55.3
55
53.5
53.5
51.6
50.3
50.2
49.9
49.3
49.4
49
48.1
48.3
48.1
48.7
49.5
48.8
48.6
48.1
47.6
47.4
47.2
46.7
46.7
46.7
46.6
47.3
47
46.7
47.2
47.3
47.8
48.7
51
52.3
51.7
50.9
50.9
50.8
51
53.9
54.5
54
54.1
54.8
54.6
54.2
54.8
55.8
55.5
55.4
56.2
56.2
56.7
56.7
56.7
57.7
56.4
56.8
56.2
58.8
61.4
60.6
55.5
57
57.9
60.1
61.5
61.1
62.3
61.8
60.1
62.7
63.3
64.8
69.6
66.8
65.6
66.4
63.9
65.9
64.6
64.7
68
65.4
64
64.1
65.9
64.8
64.1
63.1
60.7
63
67.4
67.1
62.8
62.1
64.6
56.9
52.1
52.2
54.8
54.9
54.8
62.7
60.2
60.6
61.3
61.7
59.2
60.1
58.7
58.2
61.2
59.5
55.8
53.9
51.8
51.5
50.5
50.4
50.4
50.5
49.8
48.9
48.7
48.1
47.6
47.4
47.5
47.1
47.4
47.6
47.5
47.9
48.5
48.8
48.1
47.8
47.8
47.5
46.9
46.6
46.7
47.2
49
47.4
46.1
46.3
46.5
46.1
46.6
46.5
46.4
46.1
46.2
46.2
46.2
46.5
46.6
46.2
46.1
45.9
46
45.9
46.2
45.8
47.3
45.9
46.6
46.5
46.5
46.8
46.6
45.8
45.9
46.5
45.8
50.5
47
46.7
47
47.6
47.7
47.7
47.7
47
46.7
46.8
46.3
46.5
46.8
46.6
47.6
46.3
46.2
45.9
45.7
46.3
45.8
45.6
45.3
45.4
45.3
45.3
45.6
45.4
46
45.5
45.7
46.7
46
45.8
45.8
46
46.4
45.9
45.6
45.4
45.3
45.7
45.2
45.1
45.3
45.6
46
46.5
45.6
46.4
45.4
45.9
45.9
46
45.6
45.4
45.3
45.4
46.2
45.5
45.5
45.5
45.5
45.5
45.9
45.3
45.2
46.9
45.8
46.8
47.5
45.8
45.6
45.5
47.2
48.1
47.8
47.7
48.1
46.3
46.2
47
47.5
47.7
45.3
48.5
46.8
45.6
47.1
47.5
45.9
48.3
45.6
45
45.4
45.9
45.7
45.4
48
48.7
47.4
45.6
45.7
46.2
45.4
45.5
46.8
45.5
45.7
46.3
46.3
46.4
45.7
45.6
45.7
45.4
45.2
45.6
45.5
45.5
45.8
45.4
45.7
46.4
45.8
45.9
45.6
45.6
46.3
45.8
45.4
45.2
44.7
45.1
46.3
47.3
47.3
47.1
46.5
45.9
46.1
45.7
45.4
45.4
45.5
46.6
46.9
46.4
45.6
45.2
45.4
45.3
46
45.6
45.7
45.6
45.7
46.3
47.1
46.9
47.5
47.6
47.4
46.2
46
45.9
46.2
45.7
45.9
45.9
46.2
46.1
46.1
46.3
47.1
46.4
46.1
45.9
46
46.6
46
45.9
45.9
46.1
46.2
46.2
45.6
46
45.2
45.9
45.6
45.5
45.6
45.8
46.1
45.9
45.6
45.8
46.7
46.5
46.2
46.3
47
47.1
47.6
47.3
46.3
46.4
46.4
46.2
46
46.1
46.6
46.9
46.5
46.6
49.2
46
46.9
46.4
47.6
47.8
47.2
46.1
46.3
46.4
48.6
50.7
48.4
51.6
53.1
55
57.5
56.9
53.3
50.7
48.1
46.4
45.7
45.6
46
46.2
46.2
46.2
46.4
46.2
47.2
49
47.2
47.6
46.4
46
46.2
46.1
46
46
47.8
54.7
59.5
57.5
53.6
52.3
50.7
50.7
50.1
50.5
50.1
50.4
52.6
53.1
51.5
54.1
54.5
54.1
53.6
54
54.9
54.9
54.5
54.7
55.2
55.9
56
56.5
56.4
56.9
57
57.7
57.1
57.3
56.7
55.9
56.2
56.7
58
59.1
61.4
60.8
60.1
59.7
60.7
60.6
60.2
61.1
61
62.7
62.7
64
61.7
63.1
68.1
67.9
66.3
67.3
65.7
64.6
65.4
64.8
64.5
64.3
65
67.5
66.9
67.6
66.9
67.6
67.4
67.5
69.1
68.6
68.5
67.6
68.5
68.5
69.1
65.6
67.2
67.1
70.4
69.6
67.7
67.9
68.1
68
68.3
66.5
64.6
63.2
66.1
65.5
61.9
61.2
60.2
63.1
63.1
60.9
61.8
63.6
61.4
61.7
62.4
61.1
58.4
55
54.6
54
55.4
57.5
55.5
53.7
52.4
54.2
53.9
52.8
50.8
51.6
50.8
50.9
54
52.4
50.9
51.2
49.6
48.5
49.1
49.4
49.3
49.9
49.8
49.4
49.7
49.9
49.9
50.1
48.8
49.1
49.1
49
48.7
49
49.1
49
48
48.4
49.9
48.5
47.3
47.3
47.9
47.7
48
47.9
47.6
47.5
48.3
49.3
48.1
47.7
48
47.6
47.1
48.4
48.8
50.1
49.4
50.2
49.4
48.8
47.1
46.6
46.3
46.6
47.2
47.7
47.5
47.8
47
49.2
50.5
48.5
48.3
48.4
49.1
49.5
49.3
49.1
48.6
48
47.2
46.9
46.1
46.4
46.2
46.2
46.2
46.6
46.2
46.4
46.7
46.3
47.1
48
47.2
47.4
47.4
47.2
46.8
47.1
47.4
47
46.9
47
46.8
47.1
46.8
47.1
46.6
45.7
46.3
45.9
45.9
45.6
45.4
45.7
46
46.5
47.5
46.6
46.8
47.8
39.5





































































