time[s]	  500 Hz 	 2000 Hz
0	1.76E+02	3.48E+04
0.001	6.04E+03	1.18E+04
0.002	4.20E+04	1.20E+05
0.003	1.13E+05	6.97E+04
0.004	2.60E+05	4.53E+04
0.005	6.96E+05	3.95E+04
0.006	9.28E+05	5.02E+04
0.007	5.64E+05	1.19E+05
0.008	1.93E+05	5.77E+04
0.009	1.06E+05	1.39E+05
0.01	1.80E+05	1.81E+04
0.011	2.36E+05	1.99E+05
0.012	7.96E+04	3.76E+04
0.013	3.72E+04	1.14E+05
0.014	1.19E+05	1.10E+05
0.015	2.43E+05	2.17E+05
0.016	7.32E+05	7.38E+04
0.017	8.86E+05	1.53E+05
0.018	4.66E+05	3.10E+04
0.019	1.67E+05	1.31E+05
0.02	5.97E+04	8.85E+04
0.021	7.92E+03	8.65E+04
0.022	2.77E+04	2.39E+04
0.023	1.13E+05	7.26E+04
0.024	1.53E+05	1.08E+05
0.025	1.98E+05	8.84E+03
0.026	3.54E+05	3.23E+04
0.027	2.43E+05	5.43E+04
0.028	1.39E+04	6.63E+04
0.029	3.18E+05	1.05E+05
0.03	6.37E+05	2.46E+04
0.031	4.22E+05	5.01E+04
0.032	1.12E+05	4.37E+04
0.033	4.84E+04	4.41E+04
0.034	7.50E+04	1.13E+05
0.035	2.48E+04	5.23E+04
0.036	1.92E+04	7.18E+04
0.037	1.51E+05	5.48E+04
0.038	2.89E+05	1.66E+05
0.039	2.78E+05	5.66E+04
0.04	1.51E+05	2.60E+04
0.041	4.22E+04	3.20E+04
0.042	1.48E+05	9.06E+04
0.043	4.84E+05	8.18E+04
0.044	5.70E+05	2.57E+05
0.045	3.11E+05	6.74E+04
0.046	9.60E+04	1.17E+05
0.047	1.28E+05	9.54E+04
0.048	2.10E+05	9.67E+04
0.049	5.08E+04	4.91E+04
0.05	1.31E+05	2.71E+04
0.051	3.62E+05	1.51E+04
0.052	1.62E+05	3.30E+04
0.053	1.36E+04	7.20E+04
0.054	2.47E+04	1.84E+04
0.055	7.48E+03	2.55E+04
0.056	9.85E+04	2.27E+04
0.057	1.55E+05	4.87E+04
0.058	1.52E+05	3.55E+04
0.059	1.86E+05	6.21E+04
0.06	1.46E+05	8.03E+04
0.061	2.30E+05	6.97E+04
0.062	3.87E+05	1.65E+05
0.063	2.23E+05	8.53E+04
0.064	1.41E+05	1.66E+05
0.065	4.76E+05	4.98E+04
0.066	5.12E+05	8.22E+04
0.067	1.85E+05	5.41E+04
0.068	9.59E+03	4.25E+04
0.069	2.39E+04	7.95E+04
0.07	6.96E+04	3.91E+04
0.071	4.11E+04	2.27E+04
0.072	1.68E+04	1.32E+05
0.073	1.83E+05	2.96E+08
0.074	2.15E+07	4.83E+09
0.075	2.44E+08	4.44E+08
0.076	1.21E+09	1.11E+09
0.077	2.02E+09	3.14E+08
0.078	1.04E+09	4.93E+08
0.079	1.04E+08	1.91E+08
0.08	1.63E+08	2.25E+08
0.081	1.59E+08	2.78E+08
0.082	2.51E+07	2.17E+08
0.083	1.18E+08	1.31E+08
0.084	2.98E+08	3.83E+07
0.085	2.03E+08	1.37E+09
0.086	1.50E+08	1.11E+09
0.087	9.03E+08	5.00E+08
0.088	1.45E+09	8.34E+07
0.089	1.04E+09	2.72E+08
0.09	5.47E+08	2.62E+08
0.091	2.13E+08	1.11E+08
0.092	5.82E+07	7.00E+08
0.093	4.62E+07	1.37E+08
0.094	1.37E+08	3.21E+08
0.095	2.99E+08	5.89E+07
0.096	1.99E+08	1.99E+08
0.097	9.50E+06	4.48E+08
0.098	9.27E+07	1.32E+09
0.099	1.75E+08	3.20E+08
0.1	2.33E+08	2.11E+09
0.101	3.98E+08	1.68E+09
0.102	2.62E+09	9.98E+08
0.103	7.13E+09	5.61E+08
0.104	7.73E+09	4.13E+08
0.105	2.55E+09	2.94E+08
0.106	1.05E+08	5.34E+08
0.107	3.00E+08	5.00E+08
0.108	1.65E+09	3.41E+08
0.109	3.03E+09	1.01E+09
0.11	1.23E+09	3.19E+08
0.111	1.96E+09	2.68E+08
0.112	4.76E+09	8.14E+08
0.113	3.22E+09	6.17E+08
0.114	1.10E+09	1.77E+09
0.115	1.02E+09	2.67E+08
0.116	5.64E+08	4.82E+08
0.117	3.86E+08	9.85E+08
0.118	1.91E+09	6.41E+08
0.119	4.37E+09	2.86E+08
0.12	6.21E+09	3.94E+08
0.121	4.13E+09	3.67E+08
0.122	1.21E+09	6.76E+08
0.123	3.09E+09	6.87E+08
0.124	3.03E+09	4.06E+08
0.125	1.34E+09	2.02E+08
0.126	2.97E+09	1.01E+08
0.127	2.16E+09	1.89E+09
0.128	1.09E+09	5.96E+08
0.129	2.33E+09	1.47E+09
0.13	2.25E+09	1.43E+09
0.131	5.04E+08	7.21E+08
0.132	6.49E+08	7.20E+08
0.133	2.15E+09	3.23E+08
0.134	2.44E+09	5.75E+08
0.135	1.70E+09	7.80E+08
0.136	1.01E+09	1.33E+09
0.137	1.45E+09	5.28E+08
0.138	2.26E+09	7.28E+08
0.139	9.90E+08	2.17E+08
0.14	3.89E+08	5.54E+08
0.141	2.03E+09	3.09E+08
0.142	2.27E+09	5.51E+08
0.143	8.90E+08	6.28E+08
0.144	5.18E+07	6.52E+08
0.145	3.30E+08	2.42E+08
0.146	6.71E+08	1.92E+08
0.147	3.12E+08	3.58E+08
0.148	1.35E+08	3.43E+08
0.149	2.47E+08	1.82E+08
0.15	1.16E+08	1.85E+08
0.151	1.95E+08	8.27E+07
0.152	6.94E+08	3.32E+08
0.153	9.21E+08	3.85E+08
0.154	8.58E+08	5.32E+08
0.155	6.72E+08	1.12E+08
0.156	1.73E+08	8.86E+08
0.157	6.79E+08	2.12E+08
0.158	2.68E+09	3.95E+08
0.159	2.04E+09	1.43E+08
0.16	9.80E+08	7.93E+08
0.161	2.42E+09	3.09E+08
0.162	9.03E+08	5.16E+08
0.163	3.15E+09	3.08E+08
0.164	8.54E+09	8.90E+08
0.165	5.85E+09	1.84E+08
0.166	1.20E+09	2.22E+08
0.167	7.22E+08	3.12E+08
0.168	1.52E+09	1.93E+08
0.169	2.14E+09	3.15E+08
0.17	2.75E+09	7.87E+08
0.171	4.20E+09	7.90E+08
0.172	4.18E+09	3.40E+08
0.173	2.02E+09	7.78E+08
0.174	1.56E+09	6.37E+08
0.175	2.54E+09	2.49E+08
0.176	2.66E+09	2.65E+08
0.177	1.25E+09	1.62E+08
0.178	3.69E+08	7.74E+08
0.179	1.77E+09	1.06E+09
0.18	1.86E+09	1.27E+08
0.181	4.00E+08	3.91E+08
0.182	2.57E+08	2.45E+08
0.183	6.11E+08	6.36E+08
0.184	5.03E+08	4.39E+08
0.185	5.34E+08	5.16E+08
0.186	8.25E+08	1.93E+08
0.187	7.55E+08	2.55E+08
0.188	1.77E+08	8.21E+08
0.189	8.72E+07	3.82E+08
0.19	5.81E+08	5.43E+08
0.191	5.95E+08	2.07E+08
0.192	3.66E+08	3.68E+08
0.193	4.54E+08	2.52E+08
0.194	6.21E+08	7.05E+08
0.195	5.30E+08	1.27E+08
0.196	3.70E+08	7.01E+08
0.197	8.57E+08	5.84E+08
0.198	1.51E+09	1.63E+08
0.199	1.28E+09	3.51E+08
0.2	5.52E+08	7.91E+08
0.201	1.60E+08	1.86E+09
0.202	8.23E+07	1.04E+09
0.203	5.66E+08	1.93E+09
0.204	2.07E+09	4.03E+08
0.205	2.64E+09	1.06E+09
0.206	1.14E+09	4.62E+08
0.207	2.46E+08	1.55E+09
0.208	5.58E+08	7.52E+08
0.209	3.78E+08	1.72E+09
0.21	6.47E+07	2.98E+08
0.211	3.73E+07	4.36E+08
0.212	9.58E+07	5.60E+08
0.213	3.29E+08	1.99E+08
0.214	9.23E+08	3.23E+08
0.215	1.37E+09	1.53E+08
0.216	7.36E+08	1.14E+08
0.217	2.12E+08	2.76E+08
0.218	4.94E+08	9.92E+07
0.219	2.31E+08	1.27E+08
0.22	5.99E+08	2.13E+08
0.221	1.11E+09	2.52E+08
0.222	3.39E+08	3.39E+08
0.223	5.52E+08	1.32E+09
0.224	1.49E+09	6.01E+08
0.225	7.38E+08	6.92E+08
0.226	4.02E+08	1.84E+08
0.227	7.00E+08	5.90E+08
0.228	4.50E+08	2.15E+08
0.229	8.63E+07	5.98E+08
0.23	2.59E+08	9.57E+08
0.231	4.93E+08	8.39E+08
0.232	1.89E+08	3.55E+08
0.233	7.36E+07	7.38E+08
0.234	6.33E+08	6.00E+07
0.235	8.48E+08	2.01E+08
0.236	3.01E+08	1.75E+08
0.237	6.15E+08	8.77E+08
0.238	1.58E+09	1.85E+08
0.239	7.78E+08	3.87E+08
0.24	6.38E+08	1.48E+08
0.241	2.70E+09	7.67E+08
0.242	2.07E+09	2.91E+08
0.243	5.99E+08	1.82E+08
0.244	1.97E+09	8.60E+08
0.245	2.22E+09	6.36E+08
0.246	2.05E+09	5.86E+08
0.247	2.62E+09	2.23E+08
0.248	1.52E+09	2.88E+08
0.249	7.03E+07	2.77E+08
0.25	7.97E+08	8.23E+08
0.251	1.60E+09	2.92E+08
0.252	6.18E+08	1.12E+09
0.253	5.24E+08	1.24E+08
0.254	1.93E+09	5.36E+08
0.255	1.96E+09	1.25E+09
0.256	6.43E+08	1.26E+08
0.257	5.94E+07	4.43E+08
0.258	1.84E+07	2.23E+08
0.259	2.99E+08	6.07E+08
0.26	4.06E+08	1.83E+08
0.261	2.16E+08	1.60E+08
0.262	4.69E+08	6.29E+08
0.263	4.08E+08	2.05E+08
0.264	1.52E+08	8.32E+08
0.265	5.40E+08	3.40E+08
0.266	1.21E+09	2.00E+08
0.267	9.55E+08	3.19E+08
0.268	2.35E+08	1.63E+08
0.269	1.08E+09	2.04E+08
0.27	2.15E+09	3.47E+08
0.271	1.80E+09	1.57E+08
0.272	1.42E+09	2.17E+08
0.273	1.07E+09	1.43E+08
0.274	1.80E+08	2.57E+07
0.275	6.04E+08	2.26E+08
0.276	1.38E+09	3.02E+08
0.277	6.95E+08	2.08E+08
0.278	2.32E+08	1.54E+08
0.279	6.57E+08	1.11E+08
0.28	8.30E+08	1.16E+08
0.281	4.89E+08	1.99E+08
0.282	1.95E+08	8.45E+07
0.283	2.13E+08	1.47E+08
0.284	5.72E+08	2.55E+07
0.285	5.67E+08	1.01E+08
0.286	3.14E+08	1.24E+08
0.287	2.51E+08	7.67E+08
0.288	4.69E+08	3.42E+08
0.289	4.88E+08	5.84E+08
0.29	1.75E+08	1.97E+08
0.291	8.70E+08	2.92E+08
0.292	9.24E+08	2.50E+08
0.293	1.83E+08	7.25E+06
0.294	7.58E+08	8.95E+07
0.295	1.14E+09	5.69E+07
0.296	9.03E+08	5.42E+07
0.297	1.04E+09	1.50E+08
0.298	7.54E+08	5.15E+07
0.299	1.08E+08	2.62E+08
0.3	2.79E+08	6.00E+07
0.301	4.32E+08	5.83E+07
0.302	1.67E+08	2.10E+08
0.303	9.98E+07	1.48E+08
0.304	5.86E+07	5.84E+07
0.305	7.73E+07	1.97E+08
0.306	1.36E+08	5.09E+08
0.307	1.35E+08	3.86E+08
0.308	2.33E+08	1.94E+08
0.309	9.79E+08	2.27E+08
0.31	1.39E+09	4.05E+08
0.311	6.18E+08	1.11E+08
0.312	8.69E+07	2.48E+08
0.313	1.39E+08	8.07E+07
0.314	5.89E+07	4.51E+08
0.315	1.13E+08	8.96E+07
0.316	4.43E+08	3.04E+08
0.317	5.78E+08	1.30E+08
0.318	2.70E+08	2.49E+08
0.319	5.52E+08	1.05E+08
0.32	1.37E+09	2.95E+08
0.321	9.93E+08	1.46E+08
0.322	9.42E+07	1.54E+08
0.323	1.79E+08	4.98E+08
0.324	3.66E+08	2.18E+08
0.325	2.54E+08	2.89E+08
0.326	3.36E+08	2.22E+08
0.327	2.67E+08	4.74E+08
0.328	1.26E+08	9.68E+07
0.329	2.04E+08	4.70E+08
0.33	3.41E+08	4.28E+08
0.331	2.71E+08	3.07E+08
0.332	1.06E+08	2.90E+08
0.333	4.50E+07	6.70E+07
0.334	6.71E+07	4.91E+07
0.335	1.89E+08	6.72E+07
0.336	2.11E+08	4.75E+08
0.337	9.23E+07	2.08E+08
0.338	4.25E+07	1.37E+08
0.339	6.53E+07	1.32E+08
0.34	2.95E+07	1.36E+08
0.341	1.06E+08	1.56E+08
0.342	3.40E+08	1.26E+08
0.343	2.68E+08	3.36E+07
0.344	5.18E+07	4.69E+08
0.345	1.94E+08	1.53E+08
0.346	1.01E+08	3.32E+08
0.347	1.52E+08	6.36E+07
0.348	1.25E+09	4.29E+07
0.349	2.24E+09	2.13E+08
0.35	1.55E+09	7.41E+07
0.351	4.27E+08	3.68E+08
0.352	4.73E+08	3.27E+08
0.353	4.69E+08	2.19E+08
0.354	3.69E+08	5.76E+07
0.355	8.97E+08	7.24E+07
0.356	9.33E+08	6.86E+07
0.357	3.79E+08	4.13E+07
0.358	1.05E+08	2.04E+08
0.359	1.44E+07	3.51E+07
0.36	4.54E+07	1.08E+08
0.361	1.95E+08	6.97E+07
0.362	2.44E+08	1.01E+08
0.363	1.74E+08	8.93E+07
0.364	8.52E+08	1.99E+07
0.365	1.44E+09	1.39E+08
0.366	6.39E+08	1.55E+08
0.367	3.19E+08	8.48E+07
0.368	1.00E+09	6.83E+07
0.369	9.77E+08	1.43E+08
0.37	4.54E+08	2.70E+07
0.371	6.44E+08	3.55E+08
0.372	5.32E+08	1.35E+08
0.373	1.40E+08	2.32E+08
0.374	6.79E+08	4.15E+07
0.375	7.65E+08	1.47E+08
0.376	1.53E+08	4.89E+07
0.377	1.68E+08	4.30E+07
0.378	2.77E+08	5.47E+07
0.379	2.33E+08	7.93E+07
0.38	1.66E+08	1.59E+08
0.381	2.19E+08	1.75E+08
0.382	8.72E+08	1.12E+08
0.383	1.86E+09	7.61E+08
0.384	1.59E+09	2.61E+08
0.385	6.13E+08	3.83E+08
0.386	6.02E+08	1.89E+08
0.387	6.24E+08	3.58E+08
0.388	3.53E+08	1.19E+08
0.389	2.76E+08	2.83E+08
0.39	4.09E+08	4.54E+08
0.391	4.20E+08	2.51E+08
0.392	3.29E+08	3.19E+08
0.393	3.83E+08	1.63E+08
0.394	4.64E+08	2.28E+08
0.395	3.43E+08	1.22E+08
0.396	3.19E+08	6.59E+07
0.397	3.11E+08	2.65E+08
0.398	1.03E+08	1.35E+08
0.399	5.72E+07	1.49E+08
0.4	7.21E+07	5.31E+07
0.401	1.50E+08	1.20E+08
0.402	2.80E+08	7.91E+07
0.403	1.24E+08	6.26E+07
0.404	1.82E+07	8.57E+07
0.405	5.42E+07	4.87E+07
0.406	2.11E+07	4.28E+07
0.407	4.58E+06	1.99E+08
0.408	4.36E+06	1.51E+08
0.409	3.22E+07	7.99E+07
0.41	1.03E+08	2.50E+08
0.411	2.31E+08	1.77E+08
0.412	4.43E+08	2.42E+08
0.413	4.28E+08	7.89E+07
0.414	2.24E+08	1.77E+07
0.415	5.80E+07	3.46E+07
0.416	3.65E+07	1.79E+08
0.417	2.02E+08	8.48E+07
0.418	2.76E+08	8.31E+07
0.419	1.10E+08	2.77E+08
0.42	1.14E+07	1.47E+08
0.421	2.02E+08	1.01E+08
0.422	1.02E+08	1.52E+08
0.423	1.48E+08	7.98E+07
0.424	1.03E+09	1.20E+08
0.425	1.12E+09	5.47E+07
0.426	2.44E+08	6.00E+07
0.427	3.70E+07	1.21E+08
0.428	1.03E+08	1.53E+08
0.429	3.69E+08	8.62E+07
0.43	4.41E+08	4.18E+07
0.431	2.03E+08	3.30E+07
0.432	1.99E+08	1.52E+08
0.433	2.47E+08	6.19E+07
0.434	1.25E+08	9.50E+07
0.435	3.55E+07	5.35E+07
0.436	4.08E+07	9.98E+07
0.437	9.88E+07	8.88E+07
0.438	2.88E+07	6.31E+07
0.439	9.71E+07	2.05E+08
0.44	1.63E+08	4.62E+07
0.441	8.84E+07	3.31E+08
0.442	5.15E+08	1.35E+08
0.443	9.90E+08	2.29E+08
0.444	6.82E+08	1.30E+08
0.445	2.80E+08	3.18E+08
0.446	5.71E+08	2.73E+08
0.447	7.18E+08	2.79E+08
0.448	3.63E+08	6.00E+07
0.449	1.11E+08	8.57E+07
0.45	1.08E+08	3.88E+07
0.451	1.80E+08	8.35E+07
0.452	4.78E+08	3.25E+07
0.453	4.99E+08	3.22E+07
0.454	1.27E+08	2.80E+07
0.455	3.81E+06	4.40E+07
0.456	1.38E+08	2.07E+08
0.457	5.91E+08	1.04E+08
0.458	7.11E+08	1.04E+08
0.459	2.45E+08	7.51E+07
0.46	1.60E+08	1.72E+08
0.461	9.56E+08	1.28E+08
0.462	9.82E+08	1.60E+08
0.463	1.94E+08	1.55E+08
0.464	9.24E+07	9.32E+07
0.465	1.24E+08	1.52E+08
0.466	2.16E+07	1.28E+08
0.467	1.41E+08	4.45E+07
0.468	1.32E+08	2.26E+08
0.469	4.47E+07	2.30E+08
0.47	3.00E+07	3.37E+07
0.471	7.29E+07	2.00E+08
0.472	3.99E+08	9.08E+07
0.473	9.60E+08	1.81E+08
0.474	8.10E+08	7.77E+07
0.475	1.39E+08	2.47E+08
0.476	3.01E+08	2.58E+08
0.477	5.91E+08	1.65E+08
0.478	2.21E+08	1.21E+08
0.479	4.65E+07	8.65E+07
0.48	2.79E+08	9.02E+07
0.481	2.03E+08	2.29E+08
0.482	2.66E+07	1.00E+08
0.483	2.73E+08	1.00E+08
0.484	4.04E+08	7.44E+07
0.485	1.89E+08	4.08E+07
0.486	1.53E+08	7.95E+07
0.487	3.36E+08	6.73E+07
0.488	5.86E+08	4.22E+07
0.489	8.10E+08	5.88E+07
0.49	8.87E+08	4.07E+07
0.491	6.06E+08	2.07E+08
0.492	2.37E+08	3.62E+07
0.493	1.21E+08	2.20E+08
0.494	6.46E+07	1.80E+08
0.495	3.88E+07	2.47E+08
0.496	2.63E+08	2.13E+08
0.497	4.43E+08	3.49E+08
0.498	3.85E+08	2.57E+08
0.499	1.89E+08	2.12E+08
0.5	1.25E+08	1.05E+08
0.501	1.06E+08	1.74E+08
0.502	1.60E+08	6.31E+07
0.503	3.46E+08	1.51E+08
0.504	3.18E+08	7.82E+07
0.505	4.43E+07	1.10E+08
0.506	9.97E+07	1.08E+08
0.507	3.56E+08	2.13E+08
0.508	3.39E+08	4.89E+07
0.509	1.73E+08	2.16E+08
0.51	5.10E+07	4.43E+07
0.511	3.74E+06	7.13E+07
0.512	1.56E+07	6.50E+07
0.513	2.48E+07	3.39E+07
0.514	2.95E+07	4.69E+07
0.515	2.65E+07	1.56E+07
0.516	1.00E+07	1.01E+08
0.517	2.12E+08	6.08E+07
0.518	7.04E+08	3.50E+07
0.519	8.18E+08	1.38E+07
0.52	4.35E+08	5.12E+07
0.521	2.03E+08	2.89E+08
0.522	9.57E+07	5.12E+07
0.523	1.62E+07	3.24E+07
0.524	3.36E+07	6.19E+07
0.525	5.89E+07	2.56E+07
0.526	3.64E+07	2.38E+07
0.527	2.35E+08	1.29E+08
0.528	3.70E+08	2.88E+07
0.529	1.50E+08	4.24E+07
0.53	4.28E+07	5.62E+07
0.531	1.74E+08	7.89E+07
0.532	2.27E+08	1.21E+07
0.533	2.01E+08	1.10E+07
0.534	1.66E+08	5.76E+07
0.535	1.08E+08	1.90E+07
0.536	1.54E+08	3.17E+07
0.537	3.52E+08	4.29E+07
0.538	3.75E+08	1.45E+08
0.539	2.24E+08	9.78E+07
0.54	8.40E+07	1.54E+08
0.541	9.93E+06	3.33E+07
0.542	5.69E+07	2.70E+07
0.543	2.12E+08	4.63E+07
0.544	3.33E+08	1.61E+08
0.545	1.79E+08	4.66E+07
0.546	4.00E+07	1.01E+08
0.547	2.07E+08	1.06E+08
0.548	2.13E+08	2.34E+07
0.549	9.31E+07	4.69E+07
0.55	6.59E+07	1.31E+07
0.551	5.18E+07	5.60E+07
0.552	1.03E+08	5.26E+07
0.553	8.91E+07	1.64E+07
0.554	3.66E+08	3.06E+07
0.555	8.31E+08	3.45E+07
0.556	3.83E+08	2.55E+07
0.557	4.84E+07	1.79E+07
0.558	2.27E+08	1.17E+08
0.559	2.68E+08	1.51E+08
0.56	1.68E+08	6.13E+07
0.561	7.72E+07	7.47E+07
0.562	5.59E+07	5.37E+07
0.563	3.45E+07	5.65E+07
0.564	5.61E+07	5.26E+07
0.565	8.32E+07	8.81E+07
0.566	3.05E+07	2.15E+07
0.567	2.90E+07	1.70E+07
0.568	1.38E+08	7.38E+06
0.569	2.22E+08	3.37E+07
0.57	1.41E+08	3.30E+07
0.571	1.56E+08	7.03E+07
0.572	3.20E+08	1.46E+07
0.573	2.87E+08	2.21E+07
0.574	3.73E+08	1.94E+07
0.575	8.61E+08	1.33E+08
0.576	7.91E+08	8.86E+07
0.577	2.28E+08	8.86E+07
0.578	1.62E+07	1.69E+07
0.579	1.35E+08	1.52E+07
0.58	2.46E+08	3.12E+07
0.581	1.96E+08	1.81E+07
0.582	1.54E+08	1.59E+08
0.583	1.58E+08	4.72E+07
0.584	1.97E+08	3.72E+07
0.585	4.59E+08	5.16E+07
0.586	4.20E+08	3.70E+07
0.587	2.33E+08	1.52E+07
0.588	4.76E+08	6.18E+07
0.589	7.10E+08	3.25E+07
0.59	4.74E+08	9.48E+06
0.591	4.51E+08	2.60E+07
0.592	8.44E+08	3.05E+07
0.593	6.10E+08	5.07E+07
0.594	2.06E+08	1.22E+08
0.595	1.72E+08	9.63E+07
0.596	8.22E+07	9.07E+07
0.597	5.16E+07	3.41E+07
0.598	1.27E+08	6.63E+07
0.599	1.53E+08	2.94E+07
0.6	4.83E+07	2.48E+07
0.601	5.37E+07	2.38E+06
0.602	7.65E+07	2.46E+07
0.603	2.20E+07	2.23E+07
0.604	8.25E+07	5.37E+07
0.605	1.48E+08	1.31E+08
0.606	1.14E+08	2.29E+07
0.607	6.86E+07	4.52E+07
0.608	5.41E+07	7.16E+07
0.609	2.66E+07	1.15E+08
0.61	1.03E+07	9.14E+07
0.611	5.50E+07	2.63E+08
0.612	5.60E+07	1.14E+08
0.613	1.00E+07	5.80E+07
0.614	3.36E+07	6.19E+07
0.615	4.55E+07	3.45E+07
0.616	3.38E+07	3.95E+07
0.617	1.64E+08	6.10E+07
0.618	2.32E+08	5.41E+07
0.619	8.05E+07	2.08E+07
0.62	2.82E+07	7.78E+07
0.621	2.93E+07	5.34E+07
0.622	2.60E+07	9.70E+07
0.623	3.37E+07	2.19E+07
0.624	1.12E+07	2.04E+07
0.625	1.54E+07	6.71E+06
0.626	3.98E+07	4.91E+07
0.627	7.98E+07	1.19E+08
0.628	1.29E+08	4.16E+07
0.629	1.51E+08	5.46E+07
0.63	1.84E+08	2.40E+07
0.631	2.66E+08	3.45E+07
0.632	2.39E+08	2.01E+07
0.633	1.17E+08	4.24E+07
0.634	3.10E+07	6.11E+07
0.635	6.84E+07	4.77E+07
0.636	3.17E+08	2.31E+07
0.637	2.16E+08	5.95E+07
0.638	2.22E+07	1.49E+08
0.639	1.78E+08	7.12E+07
0.64	1.85E+08	7.94E+07
0.641	4.75E+07	4.94E+07
0.642	2.84E+07	8.36E+07
0.643	4.78E+07	3.74E+07
0.644	1.55E+07	2.37E+07
0.645	1.27E+07	1.08E+07
0.646	8.34E+06	7.79E+06
0.647	6.89E+07	2.74E+07
0.648	1.42E+08	4.54E+07
0.649	1.04E+08	4.72E+06
0.65	1.32E+08	7.61E+06
0.651	2.87E+08	2.18E+07
0.652	3.35E+08	2.02E+07
0.653	1.39E+08	2.31E+07
0.654	1.25E+07	3.21E+07
0.655	3.43E+07	3.23E+07
0.656	3.42E+07	1.60E+07
0.657	2.57E+07	8.72E+07
0.658	2.26E+07	8.29E+07
0.659	2.77E+07	1.07E+08
0.66	9.10E+07	4.83E+07
0.661	1.67E+08	7.80E+07
0.662	1.40E+08	6.01E+06
0.663	5.95E+07	3.13E+07
0.664	3.34E+07	4.88E+07
0.665	1.43E+08	1.20E+07
0.666	2.74E+08	5.67E+07
0.667	1.58E+08	5.90E+07
0.668	1.62E+07	4.64E+07
0.669	4.34E+07	1.00E+08
0.67	8.81E+07	5.85E+07
0.671	7.85E+07	8.26E+07
0.672	5.27E+07	2.66E+07
0.673	4.99E+07	1.61E+07
0.674	1.10E+08	2.19E+07
0.675	1.80E+08	1.41E+07
0.676	8.27E+07	4.13E+07
0.677	2.49E+07	2.30E+07
0.678	1.16E+08	4.58E+07
0.679	9.11E+07	3.77E+07
0.68	6.55E+07	1.15E+07
0.681	1.65E+08	7.00E+06
0.682	1.84E+08	2.50E+07
0.683	8.49E+07	2.38E+07
0.684	3.72E+07	6.24E+06
0.685	3.89E+07	1.39E+07
0.686	3.82E+07	2.15E+07
0.687	2.83E+07	4.38E+06
0.688	2.71E+07	3.29E+07
0.689	2.92E+07	1.07E+08
0.69	3.17E+07	1.13E+08
0.691	2.57E+07	8.88E+07
0.692	1.71E+07	1.40E+08
0.693	2.11E+07	7.08E+07
0.694	4.13E+07	2.80E+07
0.695	1.20E+08	2.02E+07
0.696	1.75E+08	2.09E+07
0.697	1.11E+08	2.58E+07
0.698	3.84E+07	8.26E+06
0.699	1.34E+07	1.94E+07
0.7	4.19E+07	1.06E+07
0.701	7.15E+07	9.27E+06
0.702	1.63E+07	1.20E+07
0.703	6.17E+07	8.84E+06
0.704	2.80E+08	1.28E+07
0.705	3.62E+08	5.84E+07
0.706	1.81E+08	1.08E+08
0.707	4.91E+07	1.13E+08
0.708	2.10E+07	1.14E+08
0.709	1.37E+07	3.92E+07
0.71	1.38E+08	7.77E+07
0.711	1.81E+08	3.52E+07
0.712	6.16E+07	5.11E+07
0.713	1.96E+08	1.17E+07
0.714	5.46E+08	2.45E+07
0.715	5.64E+08	6.80E+06
0.716	2.22E+08	2.69E+06
0.717	1.89E+08	1.45E+07
0.718	3.60E+08	1.35E+07
0.719	2.31E+08	8.69E+06
0.72	1.26E+08	6.52E+06
0.721	2.76E+08	1.60E+07
0.722	2.99E+08	1.76E+07
0.723	1.59E+08	1.59E+07
0.724	8.05E+07	2.39E+07
0.725	7.16E+07	2.27E+06
0.726	2.80E+07	5.29E+06
0.727	2.91E+07	1.28E+07
0.728	1.35E+08	5.39E+07
0.729	1.36E+08	5.10E+06
0.73	3.69E+07	1.04E+08
0.731	6.46E+06	1.63E+07
0.732	4.48E+07	2.93E+07
0.733	5.62E+07	2.43E+07
0.734	2.51E+07	1.31E+07
0.735	1.55E+07	4.25E+06
0.736	2.02E+07	8.67E+06
0.737	9.11E+06	1.36E+07
0.738	1.75E+07	1.67E+07
0.739	3.91E+07	2.05E+07
0.74	4.43E+07	2.00E+07
0.741	2.79E+07	6.36E+06
0.742	5.01E+06	2.51E+07
0.743	1.55E+07	3.96E+07
0.744	8.06E+07	1.12E+07
0.745	1.34E+08	5.59E+07
0.746	1.05E+08	2.37E+07
0.747	1.84E+08	4.70E+07
0.748	2.42E+08	7.85E+07
0.749	8.82E+07	3.74E+07
0.75	4.73E+07	6.20E+07
0.751	1.01E+08	1.66E+07
0.752	9.23E+07	1.65E+07
0.753	2.30E+07	2.51E+07
0.754	9.12E+06	8.82E+06
0.755	3.41E+07	5.08E+07
0.756	1.65E+07	4.76E+06
0.757	5.98E+06	1.24E+07
0.758	2.74E+06	2.81E+06
0.759	2.22E+06	2.50E+06
0.76	1.20E+07	2.15E+07
0.761	2.04E+07	9.50E+06
0.762	1.57E+07	8.15E+06
0.763	2.03E+07	1.72E+07
0.764	4.53E+07	3.27E+07
0.765	5.54E+07	2.74E+07
0.766	4.25E+07	1.65E+07
0.767	2.74E+07	3.35E+07
0.768	1.97E+07	7.05E+07
0.769	1.09E+07	3.88E+07
0.77	1.67E+07	4.11E+07
0.771	4.31E+07	2.76E+07
0.772	7.08E+07	2.03E+07
0.773	7.62E+07	2.73E+07
0.774	5.55E+07	9.26E+06
0.775	2.63E+07	2.45E+07
0.776	2.42E+07	3.44E+06
0.777	5.21E+07	2.59E+07
0.778	2.66E+07	1.36E+07
0.779	3.86E+07	3.76E+07
0.78	2.04E+08	2.58E+07
0.781	2.16E+08	5.86E+06
0.782	9.05E+07	3.37E+07
0.783	1.06E+08	2.53E+07
0.784	8.23E+07	1.68E+07
0.785	6.76E+06	1.55E+07
0.786	3.05E+07	2.25E+07
0.787	5.49E+07	2.81E+07
0.788	2.18E+07	2.12E+07
0.789	2.66E+06	6.06E+07
0.79	2.01E+07	2.63E+07
0.791	8.24E+06	2.25E+07
0.792	3.22E+07	8.30E+06
0.793	1.13E+08	2.57E+07
0.794	7.51E+07	6.81E+06
0.795	3.44E+07	1.11E+07
0.796	1.23E+08	1.47E+07
0.797	9.87E+07	1.70E+07
0.798	5.32E+07	6.60E+06
0.799	1.66E+08	5.49E+06
0.8	1.78E+08	8.54E+06
0.801	6.54E+07	9.88E+06
0.802	2.47E+07	1.79E+07
0.803	3.12E+07	2.58E+07
0.804	2.37E+07	1.16E+07
0.805	8.33E+06	1.96E+07
0.806	8.83E+05	4.01E+07
0.807	2.51E+06	3.48E+07
0.808	3.30E+06	4.57E+06
0.809	2.31E+07	1.21E+07
0.81	3.71E+07	1.95E+07
0.811	4.25E+07	3.15E+06
0.812	5.64E+07	5.81E+06
0.813	9.69E+07	7.38E+06
0.814	1.43E+08	1.97E+07
0.815	1.29E+08	3.59E+07
0.816	6.06E+07	1.12E+07
0.817	2.85E+07	1.51E+07
0.818	1.44E+08	8.63E+06
0.819	1.99E+08	2.04E+07
0.82	9.03E+07	4.34E+06
0.821	2.18E+07	1.56E+07
0.822	3.86E+06	3.16E+07
0.823	1.07E+07	8.11E+06
0.824	5.53E+07	7.05E+06
0.825	6.44E+07	1.17E+07
0.826	3.44E+07	1.82E+07
0.827	2.56E+07	1.04E+07
0.828	1.27E+07	1.02E+06
0.829	1.89E+06	2.06E+07
0.83	7.94E+06	6.46E+06
0.831	1.82E+07	8.51E+06
0.832	2.28E+07	8.50E+06
0.833	4.20E+07	1.40E+07
0.834	6.00E+07	6.34E+06
0.835	2.62E+07	1.03E+07
0.836	8.62E+06	2.36E+07
0.837	1.67E+07	1.70E+07
0.838	1.24E+07	8.30E+06
0.839	2.68E+06	2.00E+07
0.84	3.90E+06	1.36E+07
0.841	1.02E+07	2.53E+07
0.842	1.26E+07	4.28E+07
0.843	3.97E+06	6.14E+07
0.844	3.12E+07	2.43E+07
0.845	1.05E+08	4.14E+07
0.846	7.69E+07	3.42E+06
0.847	2.39E+07	1.74E+07
0.848	5.10E+07	1.76E+07
0.849	4.34E+07	1.06E+07
0.85	1.78E+07	2.30E+07
0.851	2.28E+07	6.55E+06
0.852	4.63E+07	2.61E+07
0.853	4.56E+07	2.15E+07
0.854	1.41E+07	3.63E+06
0.855	3.71E+06	7.49E+06
0.856	1.62E+07	9.64E+06
0.857	2.33E+07	2.08E+07
0.858	7.85E+06	3.69E+07
0.859	9.67E+06	1.27E+07
0.86	2.79E+07	2.69E+07
0.861	4.46E+07	2.67E+07
0.862	1.59E+07	1.67E+07
0.863	2.06E+07	2.31E+07
0.864	9.87E+07	2.11E+06
0.865	8.81E+07	7.72E+06
0.866	3.01E+07	4.25E+06
0.867	9.40E+07	5.47E+06
0.868	1.41E+08	3.50E+05
0.869	9.61E+07	7.89E+06
0.87	4.51E+07	4.53E+06
0.871	3.00E+07	9.71E+06
0.872	2.85E+07	9.91E+06
0.873	7.48E+06	9.68E+06
0.874	3.81E+07	6.00E+06
0.875	1.24E+08	3.03E+06
0.876	8.68E+07	1.20E+07
0.877	2.54E+07	7.39E+06
0.878	3.87E+07	1.32E+07
0.879	7.25E+07	1.81E+07
0.88	6.58E+07	2.12E+06
0.881	3.14E+07	6.35E+06
0.882	6.12E+06	2.02E+06
0.883	6.84E+06	2.45E+06
0.884	1.01E+07	2.10E+06
0.885	5.06E+07	3.94E+06
0.886	7.41E+07	5.19E+06
0.887	1.89E+07	4.43E+06
0.888	8.57E+07	1.10E+07
0.889	1.72E+08	2.02E+06
0.89	1.13E+08	5.23E+06
0.891	8.08E+07	1.12E+07
0.892	5.47E+07	1.99E+07
0.893	1.91E+07	4.60E+07
0.894	4.91E+07	2.49E+07
0.895	6.92E+07	3.16E+07
0.896	3.06E+07	5.02E+06
0.897	8.08E+06	1.66E+07
0.898	3.01E+06	1.30E+07
0.899	1.00E+07	6.63E+06
0.9	3.58E+07	2.47E+06
0.901	3.57E+07	1.40E+07
0.902	2.56E+07	2.52E+06
0.903	3.85E+07	1.71E+07
0.904	3.17E+07	5.22E+06
0.905	1.43E+07	8.18E+06
0.906	1.66E+07	1.22E+07
0.907	3.92E+07	2.84E+06
0.908	4.61E+07	9.80E+06
0.909	2.91E+07	2.29E+06
0.91	1.97E+07	2.17E+06
0.911	3.85E+06	3.04E+06
0.912	2.17E+07	1.00E+07
0.913	5.01E+07	8.08E+06
0.914	3.18E+07	8.45E+06
0.915	6.60E+06	3.90E+06
0.916	1.35E+07	1.34E+06
0.917	2.87E+07	4.05E+06
0.918	3.82E+07	8.85E+06
0.919	6.50E+07	6.76E+06
0.92	5.19E+07	1.59E+07
0.921	7.14E+06	6.61E+06
0.922	1.27E+07	8.66E+06
0.923	2.85E+07	5.71E+06
0.924	1.59E+07	3.55E+06
0.925	1.75E+06	1.58E+07
0.926	1.04E+07	2.09E+07
0.927	2.99E+07	2.63E+07
0.928	3.55E+07	1.20E+07
0.929	2.19E+07	1.26E+07
0.93	8.37E+06	3.39E+06
0.931	2.33E+07	1.38E+07
0.932	7.01E+07	1.42E+07
0.933	1.12E+08	3.01E+06
0.934	8.29E+07	9.00E+06
0.935	1.55E+07	1.22E+07
0.936	7.47E+06	1.13E+07
0.937	3.63E+07	7.46E+06
0.938	4.89E+07	1.10E+07
0.939	6.17E+07	7.64E+06
0.94	7.70E+07	3.46E+06
0.941	4.95E+07	3.91E+06
0.942	3.97E+06	3.81E+06
0.943	4.22E+07	1.07E+07
0.944	1.07E+08	1.32E+07
0.945	7.16E+07	7.73E+05
0.946	1.79E+07	1.27E+07
0.947	1.28E+07	7.63E+06
0.948	1.73E+07	9.48E+06
0.949	1.49E+07	7.09E+06
0.95	4.50E+06	1.41E+07
0.951	2.23E+06	8.83E+06
0.952	3.12E+07	2.32E+06
0.953	7.97E+07	7.97E+05
0.954	5.76E+07	7.76E+06
0.955	1.80E+07	2.98E+06
0.956	3.10E+07	2.11E+07
0.957	1.41E+07	4.62E+06
0.958	1.98E+07	2.01E+07
0.959	3.91E+07	5.72E+06
0.96	1.03E+07	2.63E+07
0.961	9.44E+06	5.45E+06
0.962	2.25E+07	3.64E+06
0.963	1.02E+07	1.50E+07
0.964	1.19E+07	5.71E+06
0.965	1.87E+07	2.65E+06
0.966	1.13E+07	3.12E+06
0.967	1.01E+07	6.49E+06
0.968	8.69E+06	2.00E+06
0.969	2.60E+06	1.14E+07
0.97	3.72E+06	2.40E+06
0.971	1.68E+06	2.75E+07
0.972	2.84E+07	2.98E+06
0.973	8.91E+07	5.06E+06
0.974	8.05E+07	6.43E+06
0.975	3.56E+07	1.54E+06
0.976	2.72E+07	4.18E+06
0.977	3.73E+07	1.58E+06
0.978	2.32E+07	6.21E+06
0.979	8.13E+06	5.97E+05
0.98	3.08E+07	6.81E+06
0.981	6.13E+07	1.44E+07
0.982	5.82E+07	3.41E+06
0.983	2.74E+07	1.41E+06
0.984	2.36E+07	6.71E+06
0.985	3.16E+07	7.23E+06
0.986	2.15E+07	1.00E+07
0.987	2.05E+07	2.29E+07
0.988	4.13E+07	1.60E+07
0.989	4.21E+07	1.90E+07
0.99	3.00E+07	9.75E+06
0.991	2.07E+07	7.15E+06
0.992	9.17E+06	1.39E+07
0.993	1.35E+07	4.15E+06
0.994	2.91E+07	7.77E+06
0.995	1.45E+07	6.56E+06
0.996	1.74E+07	8.65E+06
0.997	5.23E+07	1.05E+07
0.998	4.56E+07	1.24E+07
0.999	2.66E+07	2.31E+06
1	5.20E+07	5.09E+06
1.001	6.42E+07	1.82E+07
1.002	2.82E+07	6.03E+06
1.003	9.41E+06	2.11E+07
1.004	2.14E+07	7.21E+06
1.005	9.12E+06	9.31E+06
1.006	7.35E+05	1.07E+07
1.007	9.53E+06	3.97E+06
1.008	3.59E+07	1.11E+07
1.009	4.00E+07	1.16E+06
1.01	8.68E+06	2.13E+06
1.011	6.95E+06	1.05E+07
1.012	2.20E+07	5.10E+06
1.013	3.04E+07	5.45E+06
1.014	2.75E+07	8.45E+06
1.015	5.87E+07	9.13E+06
1.016	8.10E+07	1.17E+07
1.017	4.69E+07	4.30E+06
1.018	5.70E+07	4.63E+06
1.019	4.93E+07	1.99E+06
1.02	3.75E+07	1.51E+06
1.021	8.58E+07	4.31E+06
1.022	4.73E+07	1.95E+06
1.023	2.62E+07	6.32E+06
1.024	8.87E+07	4.55E+06
1.025	5.95E+07	3.17E+06
1.026	4.94E+06	5.55E+06
1.027	1.19E+07	4.07E+06
1.028	1.76E+07	1.05E+07
1.029	1.37E+07	3.33E+06
1.03	1.94E+07	5.12E+05
1.031	2.79E+07	2.26E+06
1.032	2.56E+07	3.17E+06
1.033	1.25E+07	5.18E+06
1.034	3.11E+07	2.96E+06
1.035	6.64E+07	2.89E+06
1.036	6.53E+07	3.83E+06
1.037	3.79E+07	1.06E+06
1.038	1.54E+07	1.69E+06
1.039	5.41E+06	1.39E+06
1.04	6.40E+06	3.89E+06
1.041	1.40E+07	2.08E+06
1.042	7.45E+06	1.35E+07
1.043	4.50E+05	1.26E+06
1.044	5.68E+06	1.09E+07
1.045	1.57E+07	7.49E+06
1.046	1.75E+07	6.26E+06
1.047	1.82E+07	1.78E+06
1.048	2.84E+07	3.28E+06
1.049	2.95E+07	2.79E+06
1.05	1.56E+07	2.27E+06
1.051	2.30E+06	2.75E+06
1.052	1.48E+07	1.22E+06
1.053	3.17E+07	1.28E+07
1.054	3.47E+07	1.92E+06
1.055	5.74E+07	2.66E+06
1.056	4.84E+07	1.72E+06
1.057	3.17E+07	4.36E+06
1.058	2.82E+07	1.86E+06
1.059	1.52E+07	2.72E+06
1.06	1.18E+07	2.56E+06
1.061	2.09E+07	3.34E+06
1.062	1.96E+07	6.05E+05
1.063	2.03E+07	3.53E+06
1.064	3.44E+07	1.41E+06
1.065	2.88E+07	6.42E+06
1.066	5.11E+06	5.80E+06
1.067	1.40E+07	8.63E+06
1.068	3.20E+07	1.45E+07
1.069	1.85E+07	7.81E+06
1.07	3.48E+06	1.28E+07
1.071	9.72E+06	5.84E+06
1.072	5.30E+06	6.02E+05
1.073	8.60E+06	1.35E+06
1.074	3.41E+07	7.17E+06
1.075	2.35E+07	4.20E+06
1.076	1.10E+07	8.84E+06
1.077	2.23E+07	1.10E+06
1.078	2.75E+07	5.13E+05
1.079	2.17E+07	1.15E+06
1.08	1.17E+07	1.91E+06
1.081	1.45E+07	2.48E+06
1.082	3.31E+07	3.62E+06
1.083	3.92E+07	4.91E+06
1.084	3.22E+07	5.15E+06
1.085	2.74E+07	1.08E+06
1.086	1.45E+07	1.83E+06
1.087	2.94E+06	2.03E+05
1.088	3.03E+07	2.52E+06
1.089	4.34E+07	6.81E+06
1.09	1.36E+07	5.56E+06
1.091	3.43E+06	1.56E+06
1.092	5.88E+06	3.39E+06
1.093	1.42E+07	3.16E+06
1.094	2.28E+07	2.15E+06
1.095	8.68E+06	2.73E+06
1.096	4.81E+06	1.22E+07
1.097	4.10E+07	3.88E+06
1.098	7.79E+07	9.91E+06
1.099	6.95E+07	4.23E+06
1.1	3.31E+07	3.12E+06
1.101	1.41E+07	1.55E+06
1.102	2.68E+07	2.18E+06
1.103	4.12E+07	2.99E+06
1.104	2.04E+07	1.26E+06
1.105	1.72E+07	4.96E+06
1.106	5.52E+07	2.64E+06
1.107	2.80E+07	3.49E+06
1.108	5.53E+07	4.15E+06
1.109	1.39E+08	6.14E+06
1.11	8.14E+07	7.09E+06
1.111	9.69E+06	3.22E+06
1.112	1.60E+07	6.60E+06
1.113	5.74E+06	4.07E+06
1.114	7.03E+06	1.69E+06
1.115	1.31E+07	9.64E+05
1.116	2.80E+06	1.65E+06
1.117	4.52E+06	2.48E+06
1.118	7.87E+06	2.22E+06
1.119	5.46E+06	2.18E+06
1.12	8.70E+06	4.66E+06
1.121	8.87E+06	2.56E+06
1.122	1.35E+07	6.02E+06
1.123	1.24E+07	1.03E+07
1.124	2.30E+06	8.47E+06
1.125	4.96E+06	2.85E+06
1.126	1.23E+07	1.36E+06
1.127	6.28E+06	2.72E+06
1.128	2.76E+06	2.24E+06
1.129	1.10E+07	4.36E+06
1.13	1.97E+07	7.93E+05
1.131	2.30E+07	3.76E+06
1.132	2.81E+07	8.13E+05
1.133	4.34E+07	1.70E+06
1.134	4.46E+07	5.27E+06
1.135	2.02E+07	1.57E+06
1.136	2.73E+06	5.54E+06
1.137	3.52E+06	1.08E+07
1.138	2.61E+06	5.99E+06
1.139	4.55E+06	6.00E+06
1.14	1.27E+07	1.52E+07
1.141	1.53E+07	6.31E+06
1.142	2.42E+07	5.21E+06
1.143	5.06E+07	3.73E+06
1.144	5.85E+07	1.15E+07
1.145	3.84E+07	9.28E+06
1.146	8.50E+06	8.45E+06
1.147	1.41E+06	1.18E+07
1.148	6.29E+06	8.41E+06
1.149	5.41E+06	9.33E+06
1.15	4.87E+06	4.03E+06
1.151	5.04E+06	1.65E+06
1.152	5.55E+06	3.74E+06
1.153	1.21E+07	1.87E+06
1.154	2.30E+07	7.75E+05
1.155	1.72E+07	9.53E+05
1.156	2.92E+06	3.33E+05
1.157	1.33E+07	2.21E+06
1.158	2.03E+07	4.02E+06
1.159	1.00E+07	1.51E+06
1.16	3.73E+06	4.72E+06
1.161	2.87E+06	1.49E+06
1.162	7.48E+05	8.68E+05
1.163	1.09E+06	1.18E+06
1.164	8.27E+06	2.08E+06
1.165	2.52E+07	3.39E+05
1.166	2.37E+07	4.02E+06
1.167	4.36E+06	2.95E+06
1.168	2.95E+07	3.06E+06
1.169	5.31E+07	2.90E+06
1.17	2.09E+07	4.44E+06
1.171	3.19E+06	3.57E+06
1.172	8.55E+06	5.57E+06
1.173	3.54E+06	7.37E+06
1.174	8.30E+05	3.64E+06
1.175	7.59E+06	1.45E+06
1.176	1.18E+07	4.29E+06
1.177	8.26E+06	1.94E+06
1.178	2.65E+06	3.69E+06
1.179	3.26E+05	2.39E+05
1.18	2.63E+06	7.64E+05
1.181	1.56E+07	2.49E+05
1.182	3.44E+07	1.19E+05
1.183	2.12E+07	2.48E+06
1.184	1.96E+06	1.52E+06
1.185	1.15E+07	6.23E+05
1.186	8.45E+06	6.09E+05
1.187	1.45E+06	3.24E+06
1.188	7.53E+05	6.20E+06
1.189	6.91E+06	1.13E+06
1.19	3.80E+07	7.99E+05
1.191	4.40E+07	5.35E+05
1.192	1.28E+07	1.11E+06
1.193	9.44E+06	1.04E+06
1.194	3.42E+07	6.16E+05
1.195	3.88E+07	1.23E+06
1.196	1.74E+07	2.26E+06
1.197	1.91E+07	1.79E+06
1.198	5.96E+07	2.88E+06
1.199	5.66E+07	2.37E+05
1.2	1.56E+07	2.55E+06
1.201	1.16E+07	1.20E+06
1.202	3.42E+07	3.39E+06
1.203	2.98E+07	2.65E+06
1.204	5.60E+06	3.37E+06
1.205	1.72E+07	5.40E+06
1.206	4.74E+07	1.89E+06
1.207	2.90E+07	2.99E+06
1.208	4.20E+06	3.32E+06
1.209	2.22E+07	6.11E+06
1.21	2.70E+07	3.24E+06
1.211	3.98E+06	4.70E+06
1.212	2.04E+07	4.55E+06
1.213	4.74E+07	3.54E+06
1.214	3.22E+07	8.28E+05
1.215	1.18E+07	1.64E+06
1.216	1.01E+07	6.56E+05
1.217	1.93E+07	2.57E+05
1.218	1.59E+07	1.66E+05
1.219	4.98E+06	1.18E+06
1.22	1.76E+07	2.63E+06
1.221	3.70E+07	9.19E+05
1.222	3.00E+07	1.70E+06
1.223	9.13E+06	1.02E+06
1.224	4.69E+06	2.63E+06
1.225	9.13E+06	1.02E+06
1.226	1.59E+07	2.17E+06
1.227	2.43E+07	1.38E+06
1.228	2.07E+07	2.06E+06
1.229	1.04E+07	1.33E+06
1.23	2.74E+06	2.80E+06
1.231	1.70E+06	2.19E+06
1.232	6.39E+06	1.61E+06
1.233	6.10E+06	3.33E+05
1.234	3.28E+06	2.45E+06
1.235	2.14E+06	5.77E+05
1.236	1.28E+06	7.13E+05
1.237	3.52E+06	9.23E+05
1.238	1.18E+07	5.57E+05
1.239	1.10E+07	8.51E+05
1.24	1.16E+06	1.69E+06
1.241	5.65E+06	8.03E+05
1.242	2.17E+07	1.26E+06
1.243	4.06E+07	4.43E+06
1.244	3.91E+07	4.42E+05
1.245	2.24E+07	5.65E+05
1.246	1.62E+07	6.58E+05
1.247	1.37E+07	8.66E+05
1.248	2.50E+07	3.09E+06
1.249	3.50E+07	1.46E+06
1.25	1.61E+07	2.25E+06
1.251	8.38E+06	1.11E+06
1.252	3.84E+07	1.40E+06
1.253	2.94E+07	3.91E+05
1.254	3.51E+06	4.36E+05
1.255	1.84E+07	3.52E+06
1.256	2.15E+07	9.12E+05
1.257	1.97E+07	2.39E+06
1.258	2.18E+07	5.41E+06
1.259	1.10E+07	1.66E+06
1.26	4.41E+06	5.04E+06
1.261	1.18E+07	2.98E+05
1.262	1.36E+07	1.36E+06
1.263	3.93E+06	1.45E+06
1.264	9.05E+05	8.97E+05
1.265	6.27E+06	5.37E+05
1.266	9.82E+06	7.73E+05
1.267	9.94E+06	2.22E+06
1.268	5.10E+06	2.19E+06
1.269	1.42E+06	1.35E+06
1.27	3.24E+06	2.36E+06
1.271	3.70E+06	1.59E+06
1.272	1.35E+06	1.86E+06
1.273	2.73E+06	7.15E+05
1.274	4.70E+06	5.10E+05
1.275	4.12E+06	1.05E+06
1.276	1.41E+06	4.21E+05
1.277	7.00E+05	1.87E+05
1.278	7.87E+06	8.18E+05
1.279	2.05E+07	5.02E+05
1.28	2.93E+07	3.05E+05
1.281	1.83E+07	8.59E+05
1.282	1.01E+07	2.19E+06
1.283	2.31E+07	1.14E+06
1.284	3.66E+07	8.41E+05
1.285	2.75E+07	6.39E+05
1.286	4.31E+06	3.48E+05
1.287	8.57E+06	1.83E+05
1.288	2.29E+07	7.06E+05
1.289	1.47E+07	2.02E+05
1.29	3.46E+06	9.26E+05
1.291	4.62E+06	1.62E+05
1.292	8.35E+06	8.02E+05
1.293	5.42E+06	1.53E+06
1.294	1.14E+06	9.04E+05
1.295	6.75E+06	1.12E+06
1.296	1.15E+07	1.01E+06
1.297	4.62E+06	9.78E+05
1.298	2.00E+06	7.40E+05
1.299	9.88E+06	8.15E+05
1.3	1.13E+07	1.67E+06
1.301	4.98E+06	2.09E+05
1.302	6.16E+06	5.09E+05
1.303	7.66E+06	5.21E+05
1.304	7.21E+06	7.11E+05
1.305	1.30E+07	6.41E+05
1.306	1.45E+07	2.14E+06
1.307	4.35E+06	1.57E+06
1.308	5.35E+06	1.65E+06
1.309	1.02E+07	9.52E+05
1.31	5.61E+06	1.58E+06
1.311	7.56E+06	3.31E+05
1.312	1.46E+07	2.15E+06
1.313	2.24E+07	7.55E+05
1.314	2.23E+07	1.37E+06
1.315	9.76E+06	1.81E+05
1.316	4.57E+05	1.33E+06
1.317	3.52E+06	1.36E+06
1.318	5.70E+06	2.19E+06
1.319	2.75E+06	8.79E+05
1.32	1.77E+06	2.43E+06
1.321	7.82E+06	1.94E+05
1.322	1.85E+07	6.99E+05
1.323	2.60E+07	1.66E+06
1.324	1.36E+07	4.06E+05
1.325	1.37E+06	5.50E+05
1.326	1.07E+07	2.47E+05
1.327	2.15E+07	4.59E+05
1.328	1.37E+07	4.07E+05
1.329	4.17E+06	7.28E+05
1.33	1.01E+06	3.62E+05
1.331	1.66E+06	1.64E+06
1.332	8.17E+06	2.56E+06
1.333	1.47E+07	1.10E+06
1.334	1.07E+07	6.62E+05
1.335	2.44E+06	2.11E+05
1.336	2.53E+06	1.55E+06
1.337	7.26E+06	9.16E+05
1.338	1.04E+07	7.49E+06
1.339	7.84E+06	2.71E+06
1.34	2.05E+06	6.21E+06
1.341	8.86E+05	1.96E+06
1.342	1.38E+06	1.57E+06
1.343	1.40E+06	2.69E+06
1.344	2.24E+06	1.73E+06
1.345	1.33E+06	1.39E+06
1.346	5.80E+05	2.37E+06
1.347	3.60E+06	6.26E+05
1.348	4.76E+06	2.07E+06
1.349	7.26E+05	1.30E+06
1.35	7.48E+06	3.96E+05
1.351	2.67E+07	6.09E+05
1.352	2.11E+07	2.53E+05
1.353	3.54E+06	2.77E+05
1.354	1.67E+07	1.89E+06
1.355	2.49E+07	1.22E+06
1.356	1.18E+07	1.13E+06
1.357	1.50E+07	1.16E+06
1.358	1.99E+07	9.32E+05
1.359	7.19E+06	8.76E+05
1.36	2.45E+05	6.51E+05
1.361	4.05E+06	1.77E+06
1.362	1.36E+07	1.51E+06
1.363	1.46E+07	1.51E+06
1.364	4.03E+06	1.47E+06
1.365	1.47E+06	2.98E+06
1.366	3.01E+06	3.05E+05
1.367	2.21E+06	2.93E+05
1.368	1.13E+06	3.44E+05
1.369	8.22E+05	1.21E+06
1.37	1.06E+06	1.44E+06
1.371	9.71E+05	3.66E+05
1.372	1.13E+06	2.35E+06
1.373	5.83E+06	1.23E+06
1.374	6.67E+06	1.02E+06
1.375	3.39E+05	6.87E+05
1.376	1.06E+07	1.85E+06
1.377	3.66E+07	6.63E+05
1.378	4.07E+07	2.36E+05
1.379	1.33E+07	2.35E+05
1.38	3.35E+06	1.05E+06
1.381	1.47E+07	6.90E+05
1.382	1.09E+07	8.60E+05
1.383	3.07E+06	1.58E+06
1.384	8.26E+05	1.76E+06
1.385	6.83E+05	1.06E+06
1.386	6.36E+06	2.69E+06
1.387	7.01E+06	3.07E+06
1.388	3.17E+06	2.67E+06
1.389	7.91E+06	1.70E+06
1.39	1.30E+07	3.28E+06
1.391	1.07E+07	1.57E+06
1.392	1.23E+07	1.81E+06
1.393	1.58E+07	6.88E+05
1.394	1.14E+07	7.95E+05
1.395	2.58E+06	9.83E+05
1.396	1.52E+06	9.31E+05
1.397	6.00E+06	9.40E+05
1.398	5.84E+06	1.21E+06
1.399	1.52E+06	5.87E+05
1.4	6.80E+04	3.39E+05
1.401	9.91E+05	2.80E+05
1.402	7.66E+06	9.60E+04
1.403	1.61E+07	8.58E+05
1.404	1.06E+07	2.29E+05
1.405	1.11E+06	7.73E+05
1.406	4.46E+06	7.87E+05
1.407	1.61E+07	1.46E+06
1.408	1.96E+07	5.75E+05
1.409	1.33E+07	3.15E+05
1.41	5.38E+06	7.00E+05
1.411	9.18E+05	7.38E+05
1.412	7.04E+05	1.36E+06
1.413	2.98E+06	8.05E+05
1.414	7.61E+06	1.19E+06
1.415	8.87E+06	7.52E+05
1.416	3.98E+06	1.54E+06
1.417	2.29E+06	1.41E+06
1.418	4.44E+06	1.12E+06
1.419	3.39E+06	8.61E+05
1.42	4.83E+05	1.82E+05
1.421	3.89E+06	2.75E+05
1.422	9.65E+06	1.51E+05
1.423	8.46E+06	1.22E+06
1.424	4.27E+06	8.91E+05
1.425	2.74E+06	1.63E+06
1.426	5.83E+06	6.62E+05
1.427	9.49E+06	1.37E+06
1.428	7.94E+06	3.35E+05
1.429	8.98E+06	2.71E+05
1.43	9.26E+06	5.15E+05
1.431	2.13E+06	4.21E+05
1.432	5.04E+06	5.26E+05
1.433	1.08E+07	1.05E+06
1.434	1.22E+07	1.38E+06
1.435	1.12E+07	1.13E+06
1.436	7.09E+06	1.26E+06
1.437	9.08E+06	3.11E+05
1.438	1.27E+07	1.24E+06
1.439	7.57E+06	7.67E+04
1.44	3.63E+06	1.25E+06
1.441	8.69E+06	6.02E+05
1.442	1.17E+07	7.57E+05
1.443	1.02E+07	5.38E+05
1.444	1.54E+07	1.49E+06
1.445	2.13E+07	4.52E+05
1.446	1.07E+07	5.25E+05
1.447	4.13E+06	2.58E+05
1.448	1.16E+07	5.66E+05
1.449	9.32E+06	5.59E+05
1.45	4.21E+06	1.42E+06
1.451	6.34E+06	1.51E+06
1.452	8.70E+06	9.05E+05
1.453	6.46E+06	1.17E+06
1.454	2.36E+06	2.97E+06
1.455	3.10E+06	4.46E+05
1.456	4.20E+06	1.23E+06
1.457	3.59E+06	1.31E+06
1.458	3.61E+06	1.48E+06
1.459	2.56E+06	9.87E+05
1.46	9.27E+05	7.43E+05
1.461	1.49E+05	9.59E+05
1.462	1.47E+06	1.70E+06
1.463	3.03E+06	2.90E+05
1.464	1.36E+06	9.18E+05
1.465	6.11E+04	1.54E+05
1.466	1.53E+06	7.47E+05
1.467	3.52E+06	2.84E+05
1.468	3.92E+06	3.17E+05
1.469	4.44E+06	1.98E+05
1.47	8.84E+06	2.12E+05
1.471	7.40E+06	6.43E+04
1.472	1.91E+06	3.61E+05
1.473	7.83E+05	3.20E+05
1.474	8.59E+05	2.38E+05
1.475	1.17E+06	3.57E+05
1.476	3.67E+06	6.47E+05
1.477	9.49E+06	1.11E+06
1.478	1.22E+07	1.69E+05
1.479	7.72E+06	3.32E+05
1.48	3.51E+06	3.82E+05
1.481	1.31E+06	3.25E+05
1.482	1.17E+06	3.56E+05
1.483	8.60E+06	2.15E+05
1.484	9.82E+06	2.96E+05
1.485	1.74E+06	1.13E+05
1.486	2.78E+06	4.97E+05
1.487	6.39E+06	1.12E+05
1.488	2.85E+06	3.10E+05
1.489	2.07E+05	8.33E+05
1.49	2.43E+06	5.45E+05
1.491	4.68E+06	5.22E+05
1.492	5.47E+06	2.63E+05
1.493	4.61E+06	8.27E+04
1.494	1.89E+06	1.52E+05
1.495	1.19E+06	4.41E+05
1.496	7.77E+05	2.57E+05
1.497	9.80E+04	6.37E+05
1.498	1.69E+06	8.66E+05
1.499	1.97E+06	4.72E+05
1.5	1.31E+06	7.28E+05
1.501	1.84E+06	5.03E+05
1.502	2.11E+06	3.88E+05
1.503	2.43E+06	5.58E+05
1.504	3.90E+06	6.99E+05
1.505	4.54E+06	1.54E+06
1.506	1.90E+06	6.42E+05
1.507	7.55E+05	7.61E+05
1.508	1.52E+06	1.57E+06
1.509	7.96E+05	1.32E+06
1.51	1.19E+06	1.74E+05
1.511	1.67E+06	1.20E+06
1.512	1.50E+06	4.71E+05
1.513	2.15E+06	9.49E+05
1.514	1.88E+06	1.10E+06
1.515	2.25E+05	1.04E+06
1.516	7.17E+05	1.15E+06
1.517	7.77E+05	1.99E+06
1.518	1.35E+06	4.87E+05
1.519	3.33E+06	7.61E+05
1.52	3.28E+06	1.55E+06
1.521	8.40E+05	8.04E+05
1.522	7.84E+05	8.04E+05
1.523	5.35E+06	6.02E+05
1.524	4.86E+06	1.14E+06
1.525	7.26E+05	9.31E+05
1.526	2.72E+06	1.12E+06
1.527	2.63E+06	1.55E+05
1.528	2.53E+05	1.23E+05
1.529	1.69E+06	2.74E+05
1.53	2.39E+06	7.42E+05
1.531	1.65E+06	6.68E+05
1.532	8.80E+05	2.00E+06
1.533	9.98E+05	1.19E+05
1.534	1.79E+06	7.01E+05
1.535	1.20E+06	1.97E+05
1.536	8.53E+05	1.01E+06
1.537	2.05E+06	9.07E+05
1.538	8.75E+05	1.63E+06
1.539	2.11E+06	3.94E+05
1.54	6.09E+06	3.60E+05
1.541	4.71E+06	1.51E+06
1.542	6.32E+05	4.93E+05
1.543	4.13E+06	1.48E+05
1.544	4.32E+06	1.95E+05
1.545	6.49E+05	2.79E+05
1.546	2.29E+06	3.21E+04
1.547	6.35E+06	2.83E+05
1.548	9.69E+06	1.70E+05
1.549	9.13E+06	1.59E+05
1.55	3.55E+06	1.23E+05
1.551	2.76E+05	1.41E+05
1.552	4.32E+06	3.10E+05
1.553	8.52E+06	3.10E+05
1.554	3.94E+06	2.82E+05
1.555	3.33E+05	3.70E+05
1.556	1.73E+06	1.00E+06
1.557	1.74E+06	1.98E+05
1.558	2.04E+06	4.32E+05
1.559	3.22E+06	7.71E+05
1.56	3.47E+06	6.48E+05
1.561	3.00E+06	3.40E+05
1.562	1.61E+06	2.12E+05
1.563	7.72E+05	1.55E+06
1.564	8.35E+05	4.64E+05
1.565	4.43E+05	4.13E+05
1.566	2.98E+06	3.56E+05
1.567	4.64E+06	2.53E+05
1.568	2.46E+06	2.63E+05
1.569	4.51E+05	4.18E+05
1.57	6.03E+05	4.21E+05
1.571	3.40E+06	8.55E+05
1.572	4.78E+06	2.52E+05
1.573	4.36E+06	4.74E+05
1.574	3.77E+06	2.47E+05
1.575	2.19E+06	6.34E+05
1.576	5.15E+05	2.18E+05
1.577	1.71E+06	4.87E+05
1.578	4.44E+06	4.16E+05
1.579	4.94E+06	7.17E+05
1.58	3.07E+06	3.23E+05
1.581	8.53E+05	2.33E+05
1.582	4.96E+05	3.94E+05
1.583	1.46E+06	2.62E+05
1.584	1.30E+06	2.62E+05
1.585	5.81E+05	7.64E+05
1.586	1.08E+06	4.74E+05
1.587	7.27E+05	1.82E+05
1.588	8.27E+04	1.03E+06
1.589	1.07E+06	2.42E+05
1.59	1.60E+06	1.13E+06
1.591	7.49E+05	3.26E+05
1.592	8.45E+05	5.91E+05
1.593	1.72E+06	2.02E+05
1.594	1.23E+06	1.71E+05
1.595	2.93E+06	2.27E+05
1.596	3.81E+06	4.42E+05
1.597	2.02E+06	1.49E+05
1.598	1.21E+06	1.66E+05
1.599	3.79E+06	1.63E+05
1.6	3.55E+06	2.15E+05
1.601	9.49E+05	3.06E+05
1.602	1.93E+06	7.01E+05
1.603	2.60E+06	1.93E+05
1.604	1.90E+06	1.95E+05
1.605	2.34E+06	5.09E+05
1.606	2.00E+06	3.27E+05
1.607	4.08E+06	9.49E+04
1.608	1.13E+07	3.48E+05
1.609	1.33E+07	4.96E+05
1.61	6.08E+06	3.81E+05
1.611	6.61E+05	5.18E+05
1.612	7.45E+05	8.02E+05
1.613	2.80E+06	8.38E+05
1.614	3.67E+06	6.39E+05
1.615	6.54E+05	4.85E+05
1.616	1.85E+06	6.29E+04
1.617	3.86E+06	2.55E+05
1.618	3.81E+06	7.89E+04
1.619	2.01E+06	1.65E+05
1.62	5.19E+05	3.04E+05
1.621	3.99E+06	4.79E+05
1.622	4.58E+06	3.34E+05
1.623	3.06E+06	2.92E+05
1.624	3.38E+06	8.37E+05
1.625	3.02E+06	3.06E+05
1.626	1.74E+06	3.56E+05
1.627	4.35E+06	7.51E+04
1.628	5.26E+06	1.20E+05
1.629	2.97E+06	5.32E+04
1.63	1.53E+06	1.19E+05
1.631	2.77E+05	2.04E+05
1.632	1.40E+06	2.19E+05
1.633	3.58E+06	1.96E+05
1.634	9.87E+05	2.62E+05
1.635	1.38E+06	1.54E+05
1.636	1.79E+06	4.20E+05
1.637	6.55E+05	1.74E+05
1.638	6.83E+05	4.17E+05
1.639	1.97E+06	1.15E+06
1.64	4.18E+06	5.37E+05
1.641	2.41E+06	2.87E+05
1.642	5.55E+05	5.21E+05
1.643	4.83E+05	2.67E+05
1.644	2.98E+05	1.13E+05
1.645	2.60E+04	2.48E+05
1.646	4.29E+05	4.80E+04
1.647	1.04E+06	1.48E+05
1.648	6.29E+05	4.63E+05
1.649	8.84E+04	1.09E+05
1.65	3.22E+05	1.85E+05
1.651	5.69E+05	1.53E+05
1.652	2.51E+05	3.21E+05
1.653	8.00E+04	1.18E+05
1.654	5.82E+05	5.00E+04
1.655	4.95E+05	4.96E+05
1.656	3.38E+05	3.45E+04
1.657	6.45E+05	3.05E+05
1.658	4.48E+05	2.33E+05
1.659	3.13E+05	2.28E+05
1.66	2.17E+05	9.14E+04
1.661	2.69E+05	3.28E+05
1.662	8.42E+05	1.88E+05
1.663	5.29E+05	5.62E+05
1.664	4.49E+04	1.24E+05
1.665	7.86E+03	4.40E+05
1.666	5.15E+04	1.42E+05
1.667	9.82E+04	1.68E+05
1.668	3.27E+05	1.89E+05
1.669	6.31E+05	2.72E+05
1.67	1.78E+05	2.06E+05
1.671	6.59E+05	8.78E+04
1.672	3.52E+05	8.73E+04
1.673	1.87E+06	2.71E+05
1.674	4.53E+06	2.99E+05
1.675	2.70E+06	2.40E+05
1.676	6.93E+05	1.45E+05
1.677	1.60E+06	2.72E+05
1.678	2.17E+06	1.46E+05
1.679	1.92E+06	2.73E+05
1.68	2.09E+06	2.57E+05
1.681	1.97E+06	1.29E+05
1.682	1.79E+06	1.00E+05
1.683	2.26E+06	1.71E+05
1.684	1.81E+06	1.43E+05
1.685	6.06E+05	2.03E+05
1.686	1.13E+06	1.87E+05
1.687	2.17E+06	9.72E+04
1.688	1.46E+06	2.41E+05
1.689	3.24E+05	1.63E+05
1.69	3.32E+05	7.90E+04
1.691	2.46E+06	5.02E+05
1.692	4.07E+06	2.12E+05
1.693	2.14E+06	6.39E+05
1.694	3.83E+05	2.99E+05
1.695	2.95E+05	3.04E+05
1.696	4.02E+05	2.09E+05
1.697	5.62E+05	2.17E+05
1.698	5.19E+05	4.70E+05
1.699	7.98E+05	1.13E+05
1.7	1.59E+06	9.08E+04
1.701	8.84E+05	9.65E+04
1.702	1.31E+05	4.19E+05
1.703	9.46E+05	1.49E+05
1.704	1.16E+06	1.40E+05
1.705	4.38E+05	1.29E+05
1.706	4.53E+04	2.06E+05
1.707	2.14E+05	1.54E+05
1.708	1.22E+06	3.44E+05
1.709	1.25E+06	1.80E+05
1.71	8.98E+05	2.17E+05
1.711	4.48E+06	8.79E+04
1.712	6.83E+06	8.40E+04
1.713	4.91E+06	2.53E+04
1.714	1.55E+06	3.87E+04
1.715	2.97E+05	7.29E+04
1.716	1.37E+06	2.42E+05
1.717	2.54E+06	8.82E+04
1.718	1.82E+06	1.36E+05
1.719	6.47E+05	1.13E+05
1.72	1.31E+06	5.99E+04
1.721	1.53E+06	2.22E+05
1.722	1.30E+06	5.93E+04
1.723	1.39E+06	1.02E+05
1.724	9.51E+05	5.64E+04
1.725	1.97E+05	8.87E+04
1.726	5.24E+05	7.88E+04
1.727	3.54E+05	7.44E+04
1.728	8.11E+05	1.52E+05
1.729	1.26E+06	3.71E+05
1.73	7.02E+05	1.81E+05
1.731	1.96E+05	4.85E+04
1.732	9.47E+05	6.30E+04
1.733	2.83E+06	2.04E+05
1.734	1.73E+06	1.86E+05
1.735	6.16E+05	3.17E+05
1.736	2.81E+06	2.20E+05
1.737	3.55E+06	1.72E+05
1.738	1.40E+06	5.23E+05
1.739	9.36E+05	2.14E+05
1.74	1.23E+06	3.30E+05
1.741	4.85E+05	2.92E+05
1.742	3.21E+05	3.38E+05
1.743	5.20E+05	2.25E+05
1.744	4.03E+05	4.45E+05
1.745	1.85E+05	1.04E+05
1.746	2.35E+05	8.63E+04
1.747	3.99E+05	3.30E+05
1.748	5.70E+05	4.05E+05
1.749	1.07E+06	8.90E+04
1.75	1.75E+06	5.49E+05
1.751	9.82E+05	1.58E+05
1.752	4.64E+05	6.81E+05
1.753	2.37E+06	2.19E+05
1.754	1.97E+06	1.59E+05
1.755	3.11E+05	3.17E+05
1.756	2.42E+04	1.48E+05
1.757	3.81E+04	3.99E+04
1.758	4.58E+05	6.62E+04
1.759	3.31E+06	2.45E+04
1.76	6.35E+06	6.40E+04
1.761	5.26E+06	3.27E+05
1.762	2.50E+06	3.51E+05
1.763	3.63E+06	6.68E+05
1.764	4.41E+06	1.53E+05
1.765	1.91E+06	6.22E+04
1.766	8.40E+05	1.83E+05
1.767	2.92E+05	2.23E+05
1.768	2.02E+06	3.26E+05
1.769	5.36E+06	7.69E+05
1.77	2.97E+06	4.16E+05
1.771	1.15E+06	2.06E+05
1.772	3.45E+06	3.04E+05
1.773	2.31E+06	3.53E+05
1.774	4.55E+05	1.33E+05
1.775	3.34E+06	3.20E+04
1.776	3.77E+06	1.38E+05
1.777	1.12E+06	9.99E+04
1.778	1.29E+06	1.19E+05
1.779	2.74E+06	2.22E+05
1.78	2.87E+06	1.41E+05
1.781	1.48E+06	1.82E+05
1.782	2.15E+05	7.44E+04
1.783	5.26E+04	7.50E+04
1.784	1.08E+05	1.82E+05
1.785	1.74E+05	9.55E+04
1.786	3.99E+05	1.43E+05
1.787	4.75E+05	6.00E+04
1.788	3.47E+05	2.02E+05
1.789	1.90E+05	9.65E+04
1.79	2.28E+05	1.27E+05
1.791	1.26E+06	4.06E+05
1.792	2.75E+06	5.92E+04
1.793	2.29E+06	2.40E+05
1.794	9.77E+05	3.72E+05
1.795	3.45E+05	1.93E+05
1.796	4.39E+04	3.00E+05
1.797	7.93E+05	1.94E+05
1.798	1.31E+06	1.58E+05
1.799	5.49E+05	1.83E+05
1.8	2.64E+04	1.53E+05
1.801	2.35E+05	3.96E+05
1.802	5.06E+05	3.63E+04
1.803	4.07E+05	7.63E+04
1.804	6.59E+04	4.07E+04
1.805	5.34E+05	1.65E+04
1.806	9.87E+05	1.76E+05
1.807	4.40E+05	5.41E+04
1.808	3.72E+05	1.11E+05
1.809	8.17E+05	9.90E+04
1.81	1.05E+06	4.07E+04
1.811	7.02E+05	1.56E+05
1.812	1.81E+05	1.23E+05
1.813	8.13E+04	8.87E+04
1.814	1.26E+05	1.66E+05
1.815	6.39E+05	1.23E+05
1.816	2.25E+06	2.47E+05
1.817	2.44E+06	8.22E+04
1.818	1.03E+06	9.25E+04
1.819	5.40E+05	1.98E+05
1.82	1.07E+06	7.59E+04
1.821	1.31E+06	1.02E+05
1.822	7.40E+05	1.44E+05
1.823	6.88E+05	6.96E+04
1.824	1.16E+06	6.12E+04
1.825	1.11E+06	5.67E+04
1.826	6.94E+05	9.96E+04
1.827	3.39E+05	1.91E+05
1.828	2.80E+05	1.40E+05
1.829	3.05E+05	1.36E+05
1.83	1.83E+05	1.91E+05
1.831	1.69E+06	1.06E+05
1.832	4.23E+06	2.17E+05
1.833	3.11E+06	5.45E+04
1.834	9.49E+05	8.95E+04
1.835	2.74E+06	1.78E+04
1.836	4.86E+06	6.53E+04
1.837	4.05E+06	2.13E+04
1.838	1.64E+06	2.42E+04
1.839	1.90E+05	1.12E+05
1.84	6.48E+05	6.20E+04
1.841	6.45E+05	1.06E+04
1.842	1.32E+05	2.55E+04
1.843	9.01E+05	7.34E+04
1.844	1.46E+06	8.19E+04
1.845	1.69E+06	1.46E+05
1.846	1.36E+06	2.44E+04
1.847	5.13E+05	1.01E+05
1.848	1.45E+06	6.78E+04
1.849	3.00E+06	1.19E+05
1.85	1.29E+06	3.32E+04
1.851	3.16E+05	5.31E+04
1.852	1.01E+06	4.73E+04
1.853	2.13E+05	4.25E+04
1.854	6.53E+05	3.40E+05
1.855	2.16E+06	1.91E+05
1.856	2.40E+06	6.22E+04
1.857	1.07E+06	9.44E+04
1.858	1.48E+05	3.59E+04
1.859	4.51E+04	3.97E+04
1.86	4.95E+05	4.97E+04
1.861	1.71E+06	1.39E+04
1.862	1.89E+06	1.16E+05
1.863	6.48E+05	2.16E+05
1.864	3.36E+04	1.09E+05
1.865	7.85E+04	1.18E+05
1.866	1.12E+06	1.00E+05
1.867	2.96E+06	3.75E+05
1.868	1.99E+06	1.78E+05
1.869	2.01E+05	1.93E+05
1.87	7.19E+05	1.21E+05
1.871	1.06E+06	2.04E+04
1.872	3.31E+06	5.00E+04
1.873	4.95E+06	6.67E+04
1.874	3.46E+06	4.35E+04
1.875	5.63E+06	1.31E+05
1.876	5.56E+06	1.76E+05
1.877	1.93E+06	1.24E+05
1.878	2.70E+05	8.48E+04
1.879	9.03E+04	3.02E+05
1.88	6.07E+05	2.83E+05
1.881	4.18E+05	1.31E+05
1.882	2.37E+05	5.09E+04
1.883	9.84E+05	5.32E+04
1.884	1.33E+06	1.02E+05
1.885	7.54E+05	5.17E+04
1.886	1.67E+06	2.77E+04
1.887	4.96E+06	6.45E+04
1.888	5.49E+06	6.57E+04
1.889	2.05E+06	5.01E+04
1.89	7.97E+05	2.11E+05
1.891	2.40E+06	2.85E+05
1.892	2.60E+06	2.50E+05
1.893	1.17E+06	1.28E+05
1.894	2.09E+05	2.16E+05
1.895	5.07E+04	2.34E+05
1.896	4.89E+05	8.45E+04
1.897	1.27E+06	1.33E+05
1.898	1.77E+06	3.95E+04
1.899	1.86E+06	9.73E+03
1.9	1.54E+06	8.63E+04
1.901	8.76E+05	9.14E+04
1.902	3.03E+05	1.22E+05
1.903	6.93E+05	2.50E+05
1.904	7.45E+05	2.05E+05
1.905	8.39E+05	1.75E+05
1.906	1.58E+06	1.49E+05
1.907	6.34E+05	3.36E+04
1.908	4.35E+05	9.74E+03
1.909	1.78E+06	1.29E+05
1.91	1.35E+06	4.41E+04
1.911	3.94E+05	1.03E+05
1.912	5.58E+05	7.88E+04
1.913	3.32E+05	8.61E+04
1.914	5.20E+04	4.22E+04
1.915	5.66E+05	3.81E+04
1.916	6.25E+05	1.27E+05
1.917	6.97E+05	6.17E+04
1.918	1.74E+06	1.37E+05
1.919	1.31E+06	6.39E+04
1.92	6.50E+05	1.42E+05
1.921	1.11E+06	1.73E+05
1.922	6.15E+05	6.27E+04
1.923	8.63E+04	2.75E+05
1.924	3.47E+05	8.85E+04
1.925	6.37E+05	7.82E+04
1.926	9.97E+05	2.23E+05
1.927	1.27E+06	6.46E+04
1.928	1.07E+06	1.95E+05
1.929	1.08E+06	1.89E+05
1.93	2.01E+06	4.70E+04
1.931	2.54E+06	2.12E+05
1.932	1.30E+06	1.63E+05
1.933	2.48E+05	2.67E+04
1.934	1.59E+05	1.23E+05
1.935	3.96E+04	2.02E+05
1.936	2.14E+05	1.01E+05
1.937	2.68E+05	5.21E+04
1.938	1.66E+05	5.94E+04
1.939	8.74E+04	1.13E+05
1.94	7.78E+04	3.29E+05
1.941	1.72E+05	9.57E+04
1.942	4.08E+05	3.46E+04
1.943	8.05E+05	2.63E+05
1.944	6.24E+05	3.18E+05
1.945	5.74E+04	2.06E+05
1.946	1.69E+05	1.67E+05
1.947	2.22E+05	5.08E+04
1.948	2.53E+05	1.04E+05
1.949	6.29E+05	7.27E+04
1.95	5.69E+05	5.03E+04
1.951	2.84E+05	1.26E+05
1.952	3.79E+05	6.18E+04
1.953	3.21E+05	7.20E+04
1.954	1.74E+05	5.31E+04
1.955	2.20E+05	9.89E+04
1.956	1.06E+05	8.48E+04
1.957	1.83E+05	9.12E+04
1.958	4.46E+05	5.35E+04
1.959	2.93E+05	6.69E+04
1.96	2.16E+05	4.34E+04
1.961	6.41E+05	2.94E+04
1.962	8.49E+05	8.31E+04
1.963	5.67E+05	1.54E+04
1.964	2.12E+05	1.92E+05
1.965	8.90E+04	1.03E+05
1.966	3.18E+05	1.83E+05
1.967	1.46E+06	6.21E+04
1.968	2.56E+06	4.57E+04
1.969	1.54E+06	9.62E+04
1.97	9.33E+05	8.11E+04
1.971	1.62E+06	5.18E+04
1.972	7.41E+05	3.94E+04
1.973	8.85E+04	1.23E+05
1.974	3.13E+05	9.69E+04
1.975	3.19E+05	5.16E+04
1.976	2.63E+05	2.15E+04
1.977	1.21E+06	7.56E+04
1.978	2.89E+06	2.20E+05
1.979	4.01E+06	7.70E+04
1.98	3.39E+06	2.82E+04
1.981	2.47E+06	3.37E+04
1.982	2.45E+06	4.41E+04
1.983	1.80E+06	1.93E+05
1.984	1.86E+06	1.09E+05
1.985	3.40E+06	5.40E+04
1.986	3.57E+06	2.82E+04
1.987	2.42E+06	5.21E+04
1.988	1.48E+06	9.72E+04
1.989	1.92E+06	1.09E+05
1.99	2.76E+06	2.19E+04
1.991	1.70E+06	3.06E+04
1.992	2.28E+05	2.86E+04
1.993	5.50E+05	1.57E+05
1.994	9.91E+05	4.08E+04
1.995	8.05E+05	1.73E+04
1.996	9.79E+05	3.68E+04
1.997	6.74E+05	7.99E+04
1.998	1.79E+05	6.07E+04
1.999	1.19E+05	2.25E+05
2	8.38E+05	9.64E+04
2.001	1.30E+06	1.75E+05
2.002	9.79E+05	5.21E+04
2.003	1.07E+06	1.46E+05
2.004	1.18E+06	4.00E+04
2.005	8.79E+05	4.73E+04
2.006	5.17E+05	3.66E+04
2.007	1.05E+05	4.67E+04
2.008	2.27E+05	5.42E+04
2.009	1.16E+06	7.11E+04
2.01	1.39E+06	1.47E+05
2.011	6.10E+05	1.15E+04
2.012	5.44E+05	4.75E+04
2.013	5.66E+05	1.73E+05
2.014	2.78E+05	5.77E+04
2.015	2.27E+05	2.89E+05
2.016	4.11E+05	1.50E+05
2.017	6.67E+05	1.93E+05
2.018	3.13E+05	9.20E+04
2.019	3.97E+05	9.18E+04
2.02	1.91E+06	5.39E+04
2.021	2.72E+06	1.74E+05
2.022	1.28E+06	1.62E+05
2.023	2.68E+05	1.06E+05
2.024	7.61E+05	1.32E+05
2.025	8.38E+05	1.54E+05
2.026	2.75E+05	1.99E+05
2.027	1.79E+05	1.01E+05
2.028	4.65E+05	3.88E+05
2.029	4.01E+05	7.18E+04
2.03	3.07E+05	3.36E+05
2.031	8.07E+05	6.18E+04
2.032	6.13E+05	4.22E+05
2.033	5.81E+05	1.45E+05
2.034	2.52E+06	9.21E+04
2.035	3.24E+06	1.50E+05
2.036	1.20E+06	9.86E+04
2.037	9.64E+05	1.62E+05
2.038	1.77E+06	3.51E+04
2.039	7.35E+05	3.94E+04
2.04	2.69E+04	7.82E+04
2.041	6.16E+05	1.54E+05
2.042	4.69E+05	2.09E+05
2.043	4.16E+04	2.11E+05
2.044	3.93E+05	1.06E+05
2.045	6.07E+05	2.62E+05
2.046	2.74E+05	1.61E+05
2.047	7.85E+04	3.15E+05
2.048	1.49E+05	1.46E+05
2.049	5.07E+05	4.29E+05
2.05	1.44E+06	4.69E+04
2.051	2.19E+06	4.86E+04
2.052	1.92E+06	5.69E+04
2.053	1.18E+06	1.91E+05
2.054	6.94E+05	7.89E+04
2.055	4.10E+05	6.88E+04
2.056	4.21E+05	1.19E+05
2.057	5.04E+05	1.33E+05
2.058	4.43E+05	5.38E+04
2.059	4.85E+05	1.28E+05
2.06	1.77E+05	2.17E+05
2.061	1.79E+05	1.20E+05
2.062	2.40E+05	1.49E+05
2.063	3.08E+05	3.08E+05
2.064	1.89E+06	1.98E+05
2.065	1.72E+06	5.05E+04
2.066	1.44E+05	1.13E+05
2.067	1.00E+06	6.97E+04
2.068	1.88E+06	3.49E+04
2.069	7.27E+05	2.03E+04
2.07	4.44E+04	4.14E+04
2.071	3.51E+05	6.87E+04
2.072	2.52E+05	3.30E+04
2.073	4.42E+04	5.01E+04
2.074	2.07E+05	2.60E+05
2.075	5.43E+05	1.61E+05
2.076	5.59E+05	1.15E+05
2.077	4.07E+05	3.40E+04
2.078	4.31E+05	9.90E+04
2.079	2.89E+05	1.39E+05
2.08	1.64E+05	6.35E+04
2.081	8.60E+04	1.39E+05
2.082	4.48E+04	1.95E+05
2.083	1.96E+05	6.76E+04
2.084	7.98E+04	7.60E+04
2.085	4.89E+05	2.32E+05
2.086	1.25E+06	7.00E+04
2.087	6.17E+05	1.24E+05
2.088	1.11E+04	6.37E+04
2.089	1.57E+05	6.73E+04
2.09	1.87E+05	1.14E+05
2.091	3.72E+05	9.40E+04
2.092	9.17E+05	3.72E+04
2.093	9.81E+05	4.74E+04
2.094	3.86E+05	4.52E+04
2.095	1.76E+04	1.86E+05
2.096	5.24E+05	1.67E+05
2.097	1.21E+06	1.89E+05
2.098	1.02E+06	1.02E+05
2.099	3.51E+05	5.87E+04
2.1	2.13E+05	9.28E+03
2.101	1.07E+06	1.35E+05
2.102	1.92E+06	8.41E+04
2.103	1.46E+06	1.97E+04
2.104	3.04E+05	8.00E+04
2.105	1.30E+05	1.25E+05
2.106	6.46E+05	1.21E+05
2.107	7.15E+05	7.50E+04
2.108	2.57E+05	4.68E+04
2.109	8.24E+04	4.62E+04
2.11	4.05E+05	3.65E+04
2.111	5.59E+05	9.37E+04
2.112	3.69E+05	7.96E+04
2.113	6.15E+04	1.81E+05
2.114	1.61E+05	1.11E+05
2.115	5.87E+05	4.48E+04
2.116	5.54E+05	2.41E+04
2.117	1.63E+05	8.23E+04
2.118	1.22E+05	3.14E+04
2.119	3.51E+05	1.19E+05
2.12	3.59E+05	6.70E+04
2.121	3.46E+05	4.93E+04
2.122	6.02E+05	1.35E+05
2.123	1.32E+06	6.46E+04
2.124	1.51E+06	6.66E+04
2.125	4.16E+05	1.66E+05
2.126	4.96E+05	1.63E+05
2.127	1.48E+06	1.37E+05
2.128	7.80E+05	4.54E+04
2.129	3.45E+05	5.95E+04
2.13	7.76E+05	9.79E+04
2.131	7.93E+05	1.18E+05
2.132	1.68E+06	8.57E+04
2.133	1.35E+06	2.97E+04
2.134	2.45E+05	1.88E+04
2.135	2.35E+06	1.09E+05
2.136	3.59E+06	2.80E+04
2.137	1.80E+06	4.75E+04
2.138	3.83E+05	7.56E+04
2.139	3.66E+04	5.88E+04
2.14	2.63E+05	3.35E+05
2.141	5.94E+05	1.16E+05
2.142	7.63E+05	9.47E+04
2.143	1.01E+06	6.33E+04
2.144	9.25E+05	1.92E+04
2.145	5.57E+05	6.19E+04
2.146	1.90E+05	2.54E+04
2.147	6.11E+04	5.95E+04
2.148	1.87E+05	3.62E+04
2.149	3.31E+05	8.55E+04
2.15	3.18E+05	4.26E+04
2.151	4.80E+05	1.05E+04
2.152	9.88E+05	2.13E+04
2.153	8.27E+05	4.42E+04
2.154	1.28E+05	1.53E+05
2.155	1.97E+05	7.36E+04
2.156	3.05E+05	2.90E+04
2.157	1.20E+05	8.40E+04
2.158	1.74E+05	2.02E+05
2.159	3.07E+05	1.42E+05
2.16	1.39E+05	1.56E+05
2.161	5.76E+04	1.50E+05
2.162	2.42E+05	1.94E+05
2.163	2.63E+05	5.68E+04
2.164	1.23E+05	6.57E+04
2.165	1.46E+05	1.08E+05
2.166	1.43E+05	1.43E+05
2.167	7.95E+04	1.21E+05
2.168	5.51E+04	2.58E+04
2.169	1.71E+05	6.32E+04
2.17	4.57E+05	3.00E+05
2.171	5.25E+05	1.19E+05
2.172	1.93E+05	9.13E+04
2.173	3.59E+04	7.73E+04
2.174	3.66E+05	1.18E+05
2.175	4.16E+05	4.79E+05
2.176	7.14E+04	7.08E+04
2.177	6.85E+05	1.58E+05
2.178	1.40E+06	6.80E+04
2.179	8.32E+05	4.89E+04
2.18	1.46E+05	1.21E+05
2.181	6.70E+05	1.95E+05
2.182	9.93E+05	5.22E+04
2.183	3.28E+05	4.18E+04
2.184	7.27E+04	5.20E+04
2.185	1.37E+05	2.46E+04
2.186	8.18E+04	4.31E+04
2.187	1.82E+04	6.52E+03
2.188	1.11E+04	1.65E+04
2.189	6.80E+04	3.35E+04
2.19	4.55E+05	7.89E+04
2.191	4.60E+05	7.68E+04
2.192	6.49E+04	2.99E+04
2.193	3.07E+05	1.43E+04
2.194	3.82E+05	1.59E+04
2.195	6.95E+04	7.57E+04
2.196	5.96E+04	1.06E+05
2.197	3.35E+05	2.09E+04
2.198	2.93E+05	7.49E+04
2.199	5.72E+04	1.74E+04
2.2	2.28E+04	8.26E+04
2.201	1.70E+04	2.99E+04
2.202	2.67E+05	2.62E+04
2.203	5.83E+05	4.34E+04
2.204	2.48E+05	2.01E+04
2.205	5.28E+04	2.12E+04
2.206	5.92E+05	6.11E+04
2.207	5.32E+05	9.41E+04
2.208	1.10E+05	1.08E+05
2.209	5.16E+05	4.24E+04
2.21	7.19E+05	7.19E+04
2.211	2.82E+05	6.24E+04
2.212	1.17E+05	1.51E+04
2.213	1.18E+05	9.58E+04
2.214	1.68E+05	5.62E+04
2.215	1.13E+05	6.12E+04
2.216	9.92E+04	1.20E+05
2.217	5.05E+05	7.78E+04
2.218	6.91E+05	5.97E+04
2.219	2.76E+05	6.76E+04
2.22	1.56E+05	1.02E+05
2.221	8.34E+05	4.51E+04
2.222	1.29E+06	2.45E+04
2.223	9.32E+05	3.36E+04
2.224	5.48E+05	6.15E+04
2.225	5.97E+05	2.75E+04
2.226	7.61E+05	3.01E+04
2.227	4.38E+05	7.70E+04
2.228	1.86E+05	4.81E+04
2.229	3.82E+05	1.16E+05
2.23	4.28E+05	2.86E+04
2.231	4.13E+05	1.22E+04
2.232	4.34E+05	3.62E+04
2.233	2.77E+05	1.26E+04
2.234	8.39E+04	1.75E+05
2.235	1.93E+05	2.47E+04
2.236	2.80E+05	9.03E+04
2.237	3.89E+05	4.74E+04
2.238	5.38E+05	5.74E+04
2.239	2.20E+05	6.99E+04
2.24	3.33E+05	4.31E+04
2.241	5.60E+05	7.43E+04
2.242	2.57E+05	1.22E+04
2.243	3.76E+04	3.64E+04
2.244	5.09E+04	5.04E+04
2.245	1.12E+05	3.52E+04
2.246	5.04E+04	5.33E+04
2.247	1.00E+05	2.42E+04
2.248	7.01E+05	6.10E+04
2.249	1.07E+06	3.47E+04
2.25	5.59E+05	1.17E+05
2.251	1.36E+05	5.13E+04
2.252	1.44E+05	2.44E+05
2.253	9.45E+04	9.10E+04
2.254	4.30E+04	3.86E+04
2.255	6.61E+04	4.22E+04
2.256	1.07E+05	1.66E+05
2.257	4.35E+04	5.95E+04
2.258	5.41E+04	5.41E+04
2.259	2.19E+05	3.45E+04
2.26	2.88E+05	3.29E+04
2.261	2.49E+05	2.23E+04
2.262	2.65E+05	1.33E+05
2.263	2.48E+05	8.66E+04
2.264	1.23E+05	4.95E+04
2.265	7.32E+04	4.11E+04
2.266	3.12E+04	6.71E+04
2.267	6.41E+04	4.69E+04
2.268	2.09E+05	1.23E+05
2.269	1.10E+05	4.10E+04
2.27	4.78E+04	1.04E+05
2.271	3.19E+05	1.22E+04
2.272	3.43E+05	2.41E+04
2.273	6.59E+04	8.25E+04
2.274	2.11E+05	1.70E+05
2.275	7.31E+05	3.13E+04
2.276	7.55E+05	1.11E+05
2.277	5.40E+05	1.59E+05
2.278	6.32E+05	9.69E+04
2.279	5.43E+05	5.84E+04
2.28	2.72E+05	3.48E+04
2.281	2.83E+05	1.97E+04
2.282	3.83E+05	7.27E+04
2.283	3.16E+05	8.52E+04
2.284	2.76E+05	1.16E+05
2.285	2.89E+05	1.66E+05
2.286	1.92E+05	5.01E+04
2.287	5.89E+04	6.68E+04
2.288	9.05E+03	1.87E+05
2.289	1.90E+04	1.86E+05
2.29	1.07E+05	6.73E+04
2.291	2.46E+05	4.62E+04
2.292	2.01E+05	3.49E+04
2.293	2.90E+04	6.05E+04
2.294	1.79E+05	3.04E+04
2.295	5.20E+05	1.38E+05
2.296	3.17E+05	2.37E+04
2.297	2.00E+05	1.11E+04
2.298	6.16E+05	5.86E+04
2.299	6.34E+05	3.15E+04
2.3	1.28E+05	1.41E+04
2.301	4.57E+05	2.54E+04
2.302	1.34E+06	1.50E+04
2.303	1.13E+06	3.15E+04
2.304	3.12E+05	7.56E+04
2.305	1.26E+05	1.36E+05
2.306	3.33E+05	7.14E+04
2.307	4.60E+05	3.79E+04
2.308	4.49E+05	5.53E+04
2.309	3.43E+05	1.73E+05
2.31	1.89E+05	9.90E+04
2.311	9.53E+04	2.91E+05
2.312	1.23E+05	2.33E+05
2.313	2.36E+05	1.01E+05
2.314	1.52E+05	1.47E+05
2.315	1.73E+04	1.61E+05
2.316	3.23E+05	1.61E+05
2.317	6.76E+05	1.58E+05
2.318	6.09E+05	3.57E+04
2.319	5.06E+05	7.07E+04
2.32	3.43E+05	8.23E+04
2.321	2.37E+05	1.67E+05
2.322	7.41E+05	1.10E+05
2.323	9.50E+05	1.02E+05
2.324	3.89E+05	4.77E+04
2.325	4.96E+04	6.55E+04
2.326	3.43E+05	1.48E+04
2.327	3.00E+05	1.03E+05
2.328	3.05E+04	6.46E+04
2.329	7.33E+04	7.36E+04
2.33	1.33E+05	6.25E+04
2.331	4.11E+05	1.25E+04
2.332	7.08E+05	2.89E+04
2.333	5.97E+05	5.85E+04
2.334	2.83E+05	3.71E+04
2.335	7.86E+04	1.17E+05
2.336	2.97E+05	2.75E+04
2.337	6.75E+05	1.19E+05
2.338	4.64E+05	1.00E+05
2.339	6.69E+04	2.00E+05
2.34	7.11E+04	1.48E+05
2.341	5.90E+04	8.94E+04
2.342	6.05E+04	3.45E+04
2.343	2.25E+05	3.15E+04
2.344	3.53E+05	1.37E+05
2.345	3.43E+05	1.15E+04
2.346	1.73E+05	9.19E+04
2.347	7.63E+04	8.00E+04
2.348	5.04E+05	1.82E+05
2.349	8.12E+05	1.57E+05
2.35	7.26E+05	1.83E+05
2.351	1.25E+06	2.31E+05
2.352	1.58E+06	2.01E+05
2.353	8.61E+05	7.13E+04
2.354	4.52E+05	1.70E+04
2.355	7.32E+05	1.03E+05
2.356	5.05E+05	1.07E+05
2.357	8.46E+04	5.59E+04
2.358	2.23E+04	9.69E+04
2.359	2.24E+04	1.74E+05
2.36	1.06E+05	8.06E+04
2.361	1.69E+05	4.67E+04
2.362	1.77E+05	7.94E+04
2.363	2.18E+05	5.87E+04
2.364	5.11E+04	7.71E+04
2.365	1.31E+05	4.33E+04
2.366	5.69E+05	2.34E+04
2.367	6.29E+05	4.36E+04
2.368	2.56E+05	4.72E+04
2.369	4.55E+04	7.41E+04
2.37	1.32E+05	8.87E+04
2.371	3.39E+04	6.06E+04
2.372	2.04E+05	1.95E+04
2.373	7.43E+05	2.93E+04
2.374	5.09E+05	4.49E+05
2.375	1.09E+04	1.08E+05
2.376	2.98E+05	3.90E+05
2.377	4.14E+05	3.76E+04
2.378	5.01E+04	3.25E+04
2.379	1.13E+05	3.38E+04
2.38	2.11E+05	3.84E+04
2.381	6.27E+04	7.35E+04
2.382	2.35E+05	2.59E+04
2.383	3.68E+05	3.38E+04
2.384	1.90E+05	5.30E+04
2.385	3.50E+04	1.11E+05
2.386	2.95E+04	1.42E+05
2.387	1.91E+05	6.24E+04
2.388	2.66E+05	3.65E+04
2.389	1.28E+05	3.82E+04
2.39	1.33E+05	4.84E+04
2.391	1.97E+05	3.72E+04
2.392	1.35E+05	9.65E+04
2.393	3.96E+05	3.05E+04
2.394	1.13E+06	4.36E+04
2.395	1.18E+06	1.74E+05
2.396	3.43E+05	9.60E+03
2.397	2.58E+05	6.18E+04
2.398	4.75E+05	1.33E+05
2.399	7.97E+04	7.86E+04
2.4	3.11E+05	1.44E+05
2.401	5.77E+05	2.73E+04
2.402	5.79E+04	1.35E+05
2.403	3.24E+05	3.02E+04
2.404	9.83E+05	2.93E+04
2.405	7.95E+05	6.07E+04
2.406	4.92E+05	5.27E+04
2.407	5.07E+05	5.69E+04
2.408	3.18E+05	4.16E+04
2.409	2.35E+05	6.11E+04
2.41	4.27E+05	3.20E+04
2.411	3.51E+05	1.52E+04
2.412	4.81E+05	6.07E+04
2.413	1.30E+06	3.16E+04
2.414	1.52E+06	4.83E+04
2.415	7.31E+05	3.38E+04
2.416	3.13E+05	8.34E+04
2.417	4.35E+05	9.07E+04
2.418	4.73E+05	8.19E+04
2.419	3.74E+05	5.66E+04
2.42	3.00E+05	9.25E+04
2.421	9.10E+04	7.44E+04
2.422	2.65E+05	1.44E+05
2.423	8.77E+05	8.01E+04
2.424	5.98E+05	6.03E+04
2.425	1.77E+05	5.75E+04
2.426	6.21E+05	3.27E+04
2.427	4.20E+05	5.03E+04
2.428	2.16E+05	7.92E+04
2.429	3.37E+05	1.24E+05
2.43	2.80E+05	1.49E+05
2.431	4.89E+05	1.05E+05
2.432	4.51E+05	4.17E+04
2.433	1.73E+05	1.06E+05
2.434	9.40E+04	7.67E+04
2.435	4.07E+05	5.16E+04
2.436	1.20E+06	6.23E+04
2.437	1.58E+06	8.20E+04
2.438	8.41E+05	4.68E+04
2.439	1.46E+05	8.35E+04
2.44	1.49E+04	1.53E+05
2.441	3.29E+04	5.90E+04
2.442	2.92E+05	2.82E+05
2.443	6.01E+05	1.07E+05
2.444	4.01E+05	5.12E+04
2.445	6.39E+04	2.83E+04
2.446	4.05E+05	9.85E+04
2.447	5.77E+05	1.42E+04
2.448	1.92E+05	6.57E+03
2.449	2.04E+04	5.94E+04
2.45	1.73E+05	3.02E+05
2.451	3.69E+05	3.67E+04
2.452	3.80E+05	4.50E+04
2.453	7.20E+04	7.41E+03
2.454	1.26E+05	1.98E+04
2.455	7.21E+05	4.59E+04
2.456	9.98E+05	1.52E+05
2.457	9.83E+05	7.39E+04
2.458	1.12E+06	1.00E+05
2.459	1.15E+06	4.83E+04
2.46	8.95E+05	3.84E+04
2.461	4.72E+05	8.25E+04
2.462	8.16E+04	2.10E+05
2.463	2.50E+04	3.50E+04
2.464	7.42E+04	1.40E+05
2.465	2.18E+05	1.19E+05
2.466	5.55E+05	7.53E+04
2.467	4.63E+05	1.00E+05
2.468	6.28E+04	4.52E+04
2.469	2.61E+05	2.08E+05
2.47	3.57E+05	2.49E+05
2.471	5.47E+04	1.30E+05
2.472	6.53E+04	7.02E+04
2.473	1.46E+05	1.22E+05
2.474	3.67E+04	6.36E+04
2.475	2.76E+05	2.96E+04
2.476	1.10E+06	4.39E+04
2.477	8.35E+05	4.18E+04
2.478	9.43E+04	1.34E+04
2.479	2.13E+05	3.17E+04
2.48	2.39E+05	9.91E+04
2.481	9.09E+04	4.85E+04
2.482	4.14E+05	1.28E+05
2.483	5.14E+05	7.25E+04
2.484	1.76E+05	2.49E+05
2.485	2.72E+05	1.72E+05
2.486	6.61E+05	1.61E+04
2.487	5.31E+05	3.73E+04
2.488	9.98E+04	1.47E+05
2.489	3.51E+04	1.49E+04
2.49	2.86E+05	2.72E+05
2.491	3.84E+05	2.38E+04
2.492	1.83E+05	2.20E+05
2.493	2.83E+04	1.05E+05
2.494	1.50E+04	1.35E+05
2.495	2.63E+04	1.48E+05
2.496	3.67E+04	1.32E+05
2.497	4.22E+04	3.11E+04
2.498	2.80E+05	7.25E+04
2.499	3.97E+05	1.65E+04
2.5	1.68E+05	1.09E+05
2.501	2.84E+04	9.94E+04
2.502	3.42E+04	4.41E+04
2.503	3.06E+05	6.36E+04
2.504	5.97E+05	7.46E+04
2.505	5.05E+05	7.11E+04
2.506	1.73E+05	4.36E+04
2.507	3.07E+04	7.06E+04
2.508	1.01E+05	3.49E+04
2.509	1.10E+05	1.86E+05
2.51	1.35E+05	6.53E+04
2.511	2.04E+05	6.55E+04
2.512	6.20E+04	2.74E+05
2.513	2.15E+05	8.18E+04
2.514	4.93E+05	1.34E+05
2.515	3.27E+05	3.34E+04
2.516	4.92E+04	9.45E+04
2.517	1.36E+04	3.57E+04
2.518	1.11E+04	2.57E+04
2.519	1.25E+05	5.10E+04
2.52	2.17E+05	8.97E+04
2.521	4.91E+04	1.14E+05
2.522	1.40E+05	2.59E+04
2.523	2.05E+05	1.61E+04
2.524	3.33E+04	7.88E+04
2.525	2.11E+05	7.75E+04
2.526	2.82E+05	1.03E+05
2.527	1.21E+05	1.00E+05
2.528	1.54E+05	3.66E+04
2.529	2.78E+05	3.09E+04
2.53	2.46E+05	7.76E+04
2.531	4.46E+04	4.62E+04
2.532	1.31E+05	7.85E+04
2.533	5.75E+05	6.82E+04
2.534	6.49E+05	1.41E+04
2.535	4.01E+05	2.83E+03
2.536	4.21E+05	1.20E+04
2.537	6.01E+05	5.89E+04
2.538	4.26E+05	1.91E+05
2.539	7.00E+04	1.18E+05
2.54	2.97E+04	5.54E+04
2.541	1.35E+05	7.37E+04
2.542	1.39E+05	3.39E+04
2.543	8.66E+04	1.19E+05
2.544	5.35E+04	8.14E+04
2.545	5.69E+04	1.69E+04
2.546	2.95E+05	6.13E+04
2.547	4.30E+05	5.80E+04
2.548	9.62E+04	1.15E+05
2.549	1.17E+05	8.84E+04
2.55	2.71E+05	8.52E+04
2.551	1.97E+05	2.67E+04
2.552	1.56E+05	2.64E+04
2.553	4.30E+04	6.47E+04
2.554	2.29E+05	3.02E+04
2.555	5.47E+05	8.42E+04
2.556	3.87E+05	1.26E+05
2.557	1.48E+05	6.08E+04
2.558	4.42E+05	1.71E+05
2.559	6.59E+05	3.73E+04
2.56	4.07E+05	9.16E+04
2.561	8.92E+05	1.31E+05
2.562	1.54E+06	2.51E+04
2.563	9.77E+05	8.99E+04
2.564	2.45E+05	5.25E+04
2.565	1.15E+05	1.23E+05
2.566	9.36E+04	3.82E+04
2.567	2.61E+04	6.63E+04
2.568	8.07E+03	3.76E+04
2.569	2.36E+04	1.34E+05
2.57	1.14E+05	6.20E+04
2.571	2.63E+05	9.93E+03
2.572	4.02E+05	5.49E+04
2.573	5.12E+05	3.06E+04
2.574	3.76E+05	6.74E+04
2.575	8.90E+04	2.27E+05
2.576	1.43E+04	7.39E+04
2.577	2.21E+04	5.62E+04
2.578	1.18E+05	9.40E+04
2.579	3.90E+05	1.55E+04
2.58	6.47E+05	6.43E+04
2.581	5.06E+05	2.83E+04
2.582	1.30E+05	1.62E+05
2.583	1.16E+05	3.48E+04
2.584	3.28E+05	8.58E+04
2.585	1.20E+05	9.89E+03
2.586	2.34E+05	1.96E+04
2.587	8.86E+05	1.47E+04
2.588	8.42E+05	6.47E+04
2.589	2.68E+05	8.96E+03
2.59	7.09E+04	2.28E+05
2.591	1.27E+05	1.00E+05
2.592	6.92E+04	3.45E+05
2.593	2.60E+04	4.45E+04
2.594	3.31E+05	1.59E+05
2.595	5.67E+05	5.69E+04
2.596	3.23E+05	2.06E+05
2.597	4.39E+05	2.36E+04
2.598	5.19E+05	2.72E+05
2.599	2.15E+05	2.26E+04
2.6	2.03E+04	3.66E+04
2.601	5.76E+03	4.66E+04
2.602	1.45E+04	1.27E+05
2.603	9.61E+04	1.84E+05
2.604	9.04E+04	1.47E+05
2.605	1.58E+04	3.74E+04
2.606	8.89E+04	1.56E+04
2.607	9.26E+04	2.09E+04
2.608	4.35E+04	3.42E+04
2.609	2.64E+05	6.53E+03
2.61	4.24E+05	2.57E+04
2.611	2.17E+05	2.53E+04
2.612	8.26E+04	6.41E+04
2.613	1.45E+05	4.46E+04
2.614	1.22E+05	2.25E+05
2.615	2.15E+05	4.15E+04
2.616	4.49E+05	5.02E+04
2.617	3.38E+05	7.89E+04
2.618	1.38E+05	2.77E+04
2.619	2.85E+05	5.73E+04
2.62	3.34E+05	1.05E+05
2.621	8.23E+04	6.81E+04
2.622	2.69E+05	5.55E+04
2.623	5.69E+05	4.85E+04
2.624	2.94E+05	4.01E+04
2.625	1.73E+05	8.14E+04
2.626	2.94E+05	2.40E+04
2.627	1.33E+05	2.02E+04
2.628	2.01E+05	6.61E+04
2.629	3.72E+05	1.09E+05
2.63	1.96E+05	1.65E+05
2.631	6.90E+04	4.13E+04
2.632	2.07E+05	1.56E+05
2.633	2.78E+05	2.41E+05
2.634	1.89E+05	2.76E+05
2.635	1.37E+05	6.55E+04
2.636	1.50E+05	1.18E+05
2.637	1.06E+05	7.37E+04
2.638	2.03E+05	1.41E+05
2.639	2.39E+05	7.91E+04
2.64	2.89E+04	1.74E+05
2.641	1.31E+05	2.13E+05
2.642	1.40E+05	7.82E+04
2.643	3.64E+03	1.82E+05
2.644	2.32E+05	5.71E+04
2.645	3.76E+05	4.04E+04
2.646	3.34E+05	5.35E+04
2.647	3.07E+05	2.17E+05
2.648	9.06E+04	1.14E+05
2.649	4.15E+04	6.45E+04
2.65	3.97E+04	1.39E+04
2.651	2.17E+04	2.80E+04
2.652	2.52E+05	6.01E+04
2.653	6.05E+05	5.88E+04
2.654	5.61E+05	7.03E+04
2.655	2.15E+05	8.85E+04
2.656	2.97E+05	2.08E+04
2.657	2.91E+05	1.11E+05
2.658	2.21E+05	9.41E+04
2.659	5.12E+05	1.44E+05
2.66	4.29E+05	7.48E+04
2.661	2.98E+05	8.77E+04
2.662	7.56E+05	7.99E+04
2.663	6.17E+05	1.25E+05
2.664	2.43E+05	1.40E+04
2.665	5.43E+05	3.82E+04
2.666	7.38E+05	5.26E+04
2.667	5.96E+05	5.22E+04
2.668	2.91E+05	3.65E+04
2.669	1.11E+05	7.32E+04
2.67	3.14E+05	1.12E+05
2.671	4.47E+05	1.10E+05
2.672	2.47E+05	4.21E+04
2.673	1.29E+05	8.27E+04
2.674	2.40E+05	2.74E+04
2.675	4.92E+05	4.54E+04
2.676	3.59E+05	5.02E+04
2.677	1.25E+05	5.13E+04
2.678	4.11E+05	4.29E+04
2.679	8.99E+05	2.89E+05
2.68	1.02E+06	6.99E+04
2.681	8.02E+05	5.87E+04
2.682	7.06E+05	4.87E+04
2.683	6.88E+05	5.95E+04
2.684	4.50E+05	2.02E+05
2.685	1.44E+05	5.33E+04
2.686	6.33E+04	1.51E+05
2.687	4.89E+04	1.69E+04
2.688	9.21E+03	1.54E+05
2.689	2.14E+05	6.34E+04
2.69	8.72E+05	8.82E+04
2.691	1.00E+06	4.24E+04
2.692	3.85E+05	2.92E+04
2.693	9.61E+04	6.48E+04
2.694	1.18E+05	3.91E+04
2.695	8.83E+04	1.38E+05
2.696	3.08E+04	3.80E+04
2.697	2.96E+04	6.52E+04
2.698	1.20E+05	2.39E+04
2.699	2.66E+05	2.34E+04
2.7	5.10E+05	5.13E+04
2.701	7.96E+05	1.33E+05
2.702	6.26E+05	1.56E+05
2.703	1.13E+05	1.18E+05
2.704	1.74E+05	1.10E+05
2.705	5.33E+05	2.72E+04
2.706	4.10E+05	1.94E+05
2.707	2.13E+05	1.36E+05
2.708	7.57E+04	7.06E+04
2.709	3.21E+04	5.63E+04
2.71	1.19E+05	1.56E+04
2.711	1.00E+05	5.93E+04
2.712	4.46E+04	9.62E+04
2.713	3.98E+04	5.78E+04
2.714	1.27E+04	9.64E+04
2.715	1.58E+05	2.73E+05
2.716	5.06E+05	1.09E+04
2.717	6.43E+05	7.34E+04
2.718	5.27E+05	6.02E+04
2.719	4.65E+05	1.14E+04
2.72	3.22E+05	7.23E+04
2.721	1.30E+05	1.15E+05
2.722	7.94E+04	1.59E+05
2.723	1.43E+05	2.05E+05
2.724	2.13E+05	8.41E+04
2.725	3.27E+05	1.12E+05
2.726	3.82E+05	4.22E+04
2.727	2.64E+05	1.91E+04
2.728	2.86E+05	5.83E+04
2.729	4.05E+05	3.96E+04
2.73	1.54E+05	4.48E+04
2.731	5.63E+04	1.08E+05
2.732	2.80E+05	1.08E+05
2.733	1.94E+05	3.40E+04
2.734	5.97E+04	1.20E+05
2.735	1.28E+05	4.99E+04
2.736	3.94E+04	1.22E+05
2.737	3.48E+05	5.11E+04
2.738	1.10E+06	6.24E+04
2.739	1.20E+06	5.54E+04
2.74	8.84E+05	5.90E+04
2.741	7.14E+05	5.74E+04
2.742	3.60E+05	8.01E+04
2.743	5.81E+04	1.55E+05
2.744	5.67E+04	9.36E+04
2.745	8.88E+04	1.75E+05
2.746	4.96E+05	1.09E+05
2.747	6.60E+05	2.82E+05
2.748	2.83E+05	5.64E+04
2.749	3.23E+05	4.47E+04
2.75	6.53E+05	4.61E+04
2.751	5.02E+05	2.46E+04
2.752	2.65E+05	2.51E+04
2.753	1.96E+05	1.31E+05
2.754	1.09E+05	1.92E+04
2.755	5.03E+04	2.52E+05
2.756	2.04E+04	3.64E+04
2.757	6.84E+04	7.86E+03
2.758	1.12E+05	1.06E+05
2.759	6.20E+04	4.16E+04
2.76	8.18E+03	3.38E+04
2.761	1.48E+04	4.87E+04
2.762	9.16E+04	1.66E+04
2.763	2.04E+05	1.55E+05
2.764	1.90E+05	3.66E+04
2.765	4.66E+04	5.05E+04
2.766	2.26E+04	1.02E+05
2.767	1.47E+05	9.96E+04
2.768	1.74E+05	1.03E+05
2.769	1.49E+05	6.19E+04
2.77	1.23E+05	7.45E+04
2.771	3.83E+04	4.94E+04
2.772	2.95E+04	4.80E+04
2.773	1.54E+05	8.44E+04
2.774	2.46E+05	1.70E+04
2.775	3.10E+05	8.00E+04
2.776	2.54E+05	6.38E+04
2.777	5.84E+04	7.86E+04
2.778	1.61E+04	5.04E+04
2.779	4.58E+04	4.62E+04
2.78	8.38E+04	2.14E+04
2.781	2.28E+05	1.94E+04
2.782	2.36E+05	1.60E+04
2.783	8.87E+04	1.85E+04
2.784	1.88E+04	2.93E+04
2.785	4.50E+04	7.44E+03
2.786	9.12E+04	1.96E+04
2.787	1.40E+05	4.99E+04
2.788	2.11E+05	6.11E+04
2.789	3.65E+05	7.03E+03
2.79	4.31E+05	2.08E+04
2.791	2.78E+05	2.56E+04
2.792	1.24E+05	5.21E+04
2.793	8.57E+04	4.08E+04
2.794	8.85E+04	6.60E+04
2.795	1.44E+05	3.97E+04
2.796	2.14E+05	5.58E+04
2.797	3.44E+05	5.79E+04
2.798	5.24E+05	2.19E+04
2.799	4.68E+05	2.57E+04
2.8	3.63E+05	1.45E+05
2.801	4.27E+05	1.43E+05
2.802	3.38E+05	2.06E+05
2.803	1.57E+05	5.95E+04
2.804	1.79E+05	9.75E+04
2.805	1.74E+05	7.80E+04
2.806	5.82E+04	1.17E+05
2.807	4.74E+04	1.48E+05
2.808	2.17E+05	3.08E+04
2.809	3.93E+05	1.54E+05
2.81	3.88E+05	9.07E+04
2.811	1.90E+05	1.45E+05
2.812	3.21E+04	3.45E+04
2.813	1.36E+05	1.57E+05
2.814	3.41E+05	1.56E+05
2.815	2.43E+05	1.12E+05
2.816	2.54E+04	4.19E+04
2.817	1.06E+05	3.70E+04
2.818	4.31E+05	5.97E+04
2.819	5.47E+05	1.48E+05
2.82	2.60E+05	6.39E+04
2.821	1.67E+05	1.33E+05
2.822	3.08E+05	2.78E+04
2.823	1.96E+05	6.74E+04
2.824	1.93E+04	2.64E+04
2.825	3.01E+05	1.22E+05
2.826	8.57E+05	3.70E+04
2.827	9.83E+05	2.11E+03
2.828	4.83E+05	5.39E+04
2.829	8.89E+04	2.24E+04
2.83	2.52E+05	4.97E+04
2.831	4.96E+05	4.79E+04
2.832	5.60E+05	3.43E+04
2.833	3.82E+05	9.43E+04
2.834	1.16E+05	2.69E+04
2.835	1.02E+04	1.71E+05
2.836	1.48E+05	3.71E+04
2.837	1.95E+05	3.44E+03
2.838	5.35E+04	1.47E+04
2.839	1.15E+04	3.86E+04
2.84	8.16E+04	6.44E+04
2.841	3.65E+05	4.36E+04
2.842	4.18E+05	4.15E+04
2.843	1.16E+05	7.23E+04
2.844	3.71E+04	1.30E+04
2.845	8.77E+04	3.87E+04
2.846	1.35E+05	9.22E+04
2.847	1.88E+05	1.46E+05
2.848	1.95E+05	8.34E+04
2.849	2.53E+05	1.02E+05
2.85	2.67E+05	9.05E+04
2.851	1.90E+05	2.65E+04
2.852	1.76E+05	8.41E+03
2.853	1.31E+05	2.13E+04
2.854	8.28E+04	3.97E+04
2.855	1.03E+05	2.83E+04
2.856	1.18E+05	1.05E+05
2.857	8.62E+04	4.97E+04
2.858	1.31E+05	2.57E+04
2.859	2.97E+05	4.46E+04
2.86	3.00E+05	7.99E+04
2.861	1.13E+05	8.14E+04
2.862	1.78E+04	6.54E+04
2.863	7.18E+03	1.40E+05
2.864	2.35E+04	5.64E+04
2.865	5.54E+04	2.78E+04
2.866	8.69E+04	1.09E+05
2.867	1.73E+05	3.07E+04
2.868	1.81E+05	5.97E+04
2.869	1.19E+05	8.77E+04
2.87	1.21E+05	7.19E+04
2.871	1.24E+05	1.86E+05
2.872	1.35E+05	3.47E+04
2.873	1.70E+05	1.56E+05
2.874	5.55E+04	8.58E+04
2.875	5.10E+04	7.86E+04
2.876	1.40E+05	1.95E+05
2.877	4.45E+04	1.52E+05
2.878	8.60E+03	5.54E+04
2.879	7.32E+04	1.14E+05
2.88	1.62E+05	5.51E+04
2.881	2.28E+05	8.98E+04
2.882	1.82E+05	7.66E+04
2.883	8.31E+04	1.59E+05
2.884	5.04E+04	6.29E+03
2.885	1.77E+05	6.07E+04
2.886	2.34E+05	6.41E+04
2.887	1.12E+05	1.17E+05
2.888	2.29E+04	2.64E+04
2.889	3.42E+04	3.81E+04
2.89	1.79E+05	5.81E+04
2.891	2.25E+05	4.69E+04
2.892	1.59E+05	8.45E+04
2.893	1.65E+05	4.97E+04
2.894	2.07E+05	1.65E+05
2.895	1.54E+05	1.43E+05
2.896	6.28E+04	5.94E+04
2.897	9.82E+04	2.68E+04
2.898	1.70E+05	2.42E+04
2.899	1.40E+05	3.63E+04
2.9	3.37E+05	6.32E+04
2.901	4.64E+05	3.90E+04
2.902	4.39E+05	2.39E+04
2.903	5.15E+05	9.28E+04
2.904	2.91E+05	3.33E+04
2.905	5.47E+04	1.63E+05
2.906	2.42E+05	4.12E+04
2.907	2.78E+05	8.55E+04
2.908	7.56E+04	1.57E+05
2.909	9.02E+04	6.02E+04
2.91	4.64E+05	4.31E+04
2.911	6.07E+05	5.14E+04
2.912	3.66E+05	2.02E+04
2.913	1.15E+05	7.13E+04
2.914	4.90E+04	2.92E+04
2.915	6.79E+04	2.30E+04
2.916	2.05E+04	5.28E+03
2.917	2.70E+04	1.26E+04
2.918	4.18E+04	1.10E+04
2.919	3.38E+04	1.65E+04
2.92	1.73E+05	1.72E+04
2.921	1.98E+05	6.51E+04
2.922	5.84E+04	6.15E+03
2.923	1.49E+05	1.13E+04
2.924	3.16E+05	4.32E+04
2.925	2.26E+05	1.41E+04
2.926	1.25E+05	5.55E+04
2.927	7.02E+04	1.28E+05
2.928	1.46E+05	6.20E+04
2.929	3.68E+05	7.77E+04
2.93	4.10E+05	2.61E+04
2.931	3.08E+05	1.08E+04
2.932	2.76E+05	5.29E+04
2.933	3.32E+05	1.42E+05
2.934	3.79E+05	5.20E+04
2.935	2.66E+05	5.68E+04
2.936	1.09E+05	3.90E+04
2.937	3.05E+05	6.11E+04
2.938	7.22E+05	6.33E+04
2.939	9.95E+05	1.46E+05
2.94	8.96E+05	9.70E+04
2.941	4.14E+05	1.16E+05
2.942	1.02E+05	3.48E+04
2.943	1.52E+05	1.82E+05
2.944	1.60E+05	5.35E+04
2.945	7.72E+04	8.68E+04
2.946	3.68E+04	1.90E+05
2.947	3.09E+04	8.80E+04
2.948	6.98E+04	8.69E+04
2.949	6.48E+04	5.71E+04
2.95	5.27E+04	4.62E+04
2.951	2.02E+05	4.07E+04
2.952	2.85E+05	2.15E+04
2.953	9.24E+04	2.66E+04
2.954	3.54E+04	8.27E+04
2.955	5.40E+04	9.41E+04
2.956	2.27E+04	1.18E+05
2.957	1.65E+05	6.62E+04
2.958	4.56E+05	2.80E+04
2.959	6.08E+05	1.03E+04
2.96	5.08E+05	1.43E+04
2.961	3.40E+05	4.43E+04
2.962	3.24E+05	1.81E+05
2.963	6.42E+05	6.92E+04
2.964	1.07E+06	7.60E+04
2.965	8.39E+05	2.65E+04
2.966	2.09E+05	7.02E+04
2.967	2.45E+04	9.01E+03
2.968	1.93E+04	9.02E+04
2.969	7.04E+03	1.07E+05
2.97	4.70E+04	2.12E+04
2.971	2.22E+05	3.84E+04
2.972	3.78E+05	4.59E+04
2.973	2.02E+05	3.03E+04
2.974	1.01E+05	8.19E+04
2.975	2.36E+05	5.97E+04
2.976	2.48E+05	5.37E+04
2.977	2.60E+05	1.10E+05
2.978	2.13E+05	6.54E+04
2.979	1.82E+05	2.01E+05
2.98	2.67E+05	1.02E+05
2.981	1.70E+05	2.15E+05
2.982	9.80E+03	1.87E+05
2.983	1.09E+05	1.25E+05
2.984	2.77E+05	1.13E+05
2.985	2.60E+05	7.80E+04
2.986	2.23E+05	1.62E+05
2.987	5.67E+05	1.10E+05
2.988	1.01E+06	1.01E+05
2.989	8.97E+05	7.72E+04
2.99	3.26E+05	1.83E+05
2.991	6.13E+04	5.06E+04
2.992	1.29E+05	6.84E+04
2.993	9.98E+04	5.88E+04
2.994	4.05E+04	7.48E+04
2.995	1.47E+05	9.78E+04
2.996	1.02E+05	4.14E+04
2.997	2.06E+04	4.54E+04
2.998	1.55E+05	7.46E+04
2.999	2.31E+05	5.16E+04
3	1.70E+05	2.76E+04